0 99

46 63 15 53 37 70 3 12 33 73 

38 77
9 45
25 50
27 29
18 97

15 46
38 69
22 49
39 56
33 81

0 9 4
0 10 9
0 14 3
0 15 7
0 21 10
0 32 2
0 37 6
0 49 6
0 52 6
0 63 1
0 67 9
0 74 9
0 92 8
0 99 8
1 9 4
1 11 1
1 27 5
1 40 5
1 45 10
1 56 6
1 57 8
1 58 6
1 67 5
1 73 6
1 79 10
1 84 4
1 88 4
2 22 6
2 37 5
2 38 8
2 39 6
2 48 5
2 51 1
2 58 4
2 61 7
2 78 5
2 83 9
3 17 4
3 37 2
3 42 9
3 55 2
3 65 2
3 67 3
3 68 9
3 74 3
3 81 6
4 95 10
5 13 5
5 24 1
5 26 10
5 27 1
5 28 1
5 33 7
5 39 4
5 44 8
5 57 6
5 69 7
5 73 2
5 95 3
5 96 3
6 37 2
6 48 2
6 63 6
7 20 7
7 32 8
7 47 9
7 80 5
7 81 8
7 95 7
8 13 10
8 30 8
8 33 4
8 39 3
8 46 9
8 60 5
8 76 4
9 36 9
9 44 2
9 45 1
9 48 5
9 60 5
10 16 7
10 47 8
10 51 9
10 79 2
11 13 3
11 14 10
11 57 6
11 65 2
11 99 7
12 40 6
12 49 4
12 60 10
12 62 6
12 77 4
12 81 3
12 93 6
12 98 1
13 51 4
13 57 2
13 69 5
13 79 9
13 95 6
14 26 8
14 43 1
14 61 6
15 31 7
15 32 7
15 44 1
15 46 9
15 58 9
15 62 3
15 64 7
15 73 4
15 84 10
15 86 10
15 88 6
15 92 1
15 99 4
16 23 1
16 45 2
16 48 3
16 65 2
17 29 5
17 44 7
17 48 10
17 50 4
17 56 5
17 67 1
17 69 9
17 75 4
17 76 6
17 78 1
17 92 4
17 99 7
18 19 7
18 27 8
18 38 3
18 47 1
18 48 1
18 54 2
18 66 4
18 77 3
18 81 1
18 94 9
18 97 2
19 37 2
19 68 2
19 80 1
19 87 2
20 22 7
20 29 4
20 55 8
20 74 5
20 85 3
20 97 6
21 82 1
22 39 9
22 47 9
22 49 7
22 69 2
22 73 6
23 27 5
23 28 10
23 31 2
23 38 6
23 97 2
24 36 3
24 48 8
24 60 7
24 61 8
25 37 6
25 41 8
25 50 5
25 59 4
25 61 9
25 85 7
26 32 8
26 36 1
26 41 3
26 46 8
26 60 3
26 65 2
26 81 9
26 82 8
27 29 7
27 54 3
27 58 9
27 61 10
27 79 6
27 82 4
27 85 3
27 94 1
28 33 6
28 38 8
28 65 9
29 32 4
29 44 7
29 48 2
29 49 8
29 74 4
29 76 8
29 84 6
29 89 6
30 56 5
30 67 10
30 93 4
31 51 10
31 54 3
31 60 10
31 64 5
31 79 8
31 85 6
31 86 6
31 92 7
31 98 6
31 99 8
32 35 10
32 38 9
32 68 4
32 80 9
32 81 3
32 93 7
32 96 6
32 98 9
33 41 9
33 42 4
33 43 6
33 46 10
33 66 6
33 70 9
33 76 7
33 81 2
34 65 10
34 69 10
34 71 7
34 73 3
34 85 5
35 54 1
35 81 1
36 93 4
36 94 7
36 99 7
37 45 7
37 59 8
37 62 9
37 77 1
37 79 4
37 82 6
37 99 5
38 40 6
38 61 1
38 64 1
38 68 6
38 69 7
38 70 5
38 76 1
38 77 9
38 97 6
39 56 7
39 58 1
39 65 10
39 81 10
39 93 10
39 96 2
40 45 1
40 53 8
40 54 4
40 56 1
40 57 6
40 60 1
40 63 3
40 70 6
40 81 4
40 90 6
40 91 8
40 98 10
41 49 1
41 54 8
41 56 4
41 68 9
41 78 7
41 80 10
41 85 8
42 44 3
42 57 1
42 79 3
42 82 1
42 85 6
43 56 7
43 68 8
43 74 9
44 45 1
44 52 9
44 56 5
44 68 6
44 76 7
45 58 6
45 63 5
45 68 7
45 78 8
45 82 10
45 89 6
45 99 9
46 47 2
46 67 6
46 77 10
46 96 5
47 49 1
47 52 1
47 59 4
47 67 5
47 75 2
47 78 4
47 99 9
48 53 2
48 58 8
48 65 7
48 75 10
49 54 2
49 60 4
49 73 8
49 81 4
49 88 10
49 93 1
49 94 6
49 98 9
50 60 8
50 81 2
51 54 6
51 65 4
51 75 10
51 90 3
51 92 8
51 94 5
51 97 5
51 99 1
52 73 10
53 56 2
53 61 7
53 83 5
54 59 8
54 77 4
54 93 7
54 95 4
55 59 1
55 60 8
56 62 9
56 69 10
56 91 9
57 66 7
57 67 5
57 89 1
58 65 7
58 76 1
58 97 7
58 98 5
59 63 1
60 64 6
60 66 6
60 78 6
60 80 10
60 98 4
61 63 7
61 75 2
61 85 5
61 98 8
62 78 8
62 91 6
64 82 3
64 84 2
64 89 5
64 93 5
64 95 3
64 97 9
65 80 6
65 87 9
66 67 7
66 70 3
67 93 4
68 98 8
69 86 2
69 93 1
69 98 9
71 92 3
73 75 3
73 81 5
73 93 10
73 97 2
74 81 7
76 78 3
76 97 5
78 88 5
78 95 9
79 83 4
79 84 5
79 93 7
80 83 5
80 89 3
81 82 5
81 88 3
83 99 3
87 88 1
93 94 1
93 95 1
93 99 5
