0 999

619 884 46 7 597 734 468 158 795 977 817 855 15 497 673 418 537 899 474 256 397 653 630 40 134 620 747 28 171 693 162 584 816 304 789 755 848 106 660 606 10 562 533 370 646 579 356 465 640 245 

800 839
403 706
538 853
77 260
812 938
230 729
328 619
438 954
408 884
66 859
151 278
194 523
576 883
65 294
342 958
86 432
182 895
500 918
611 990
603 905
430 546
97 250
254 954
344 535
732 913

306 329
74 114
575 592
194 788
367 973
67 490
622 743
358 694
251 414
204 877
756 786
531 748
396 974
563 963
475 919
358 417
634 751
401 540
173 841
62 708
82 589
690 708
301 342
187 265
133 471

0 49 4
0 61 7
0 107 3
0 151 7
0 180 7
0 220 9
0 294 3
0 304 9
0 359 9
0 475 10
0 477 8
0 479 3
0 497 7
0 597 10
0 600 7
0 606 9
0 698 3
0 699 9
0 702 3
0 708 10
0 718 3
0 729 2
0 798 4
0 812 4
0 847 9
0 946 7
1 14 9
1 206 5
1 265 10
1 340 5
1 513 2
1 529 2
1 602 5
1 731 8
1 904 9
2 8 5
2 71 10
2 94 7
2 139 2
2 158 6
2 161 10
2 204 8
2 222 2
2 232 9
2 329 5
2 479 2
2 482 10
2 519 9
2 571 6
2 634 10
2 641 1
2 702 8
2 709 8
2 710 9
2 766 8
2 825 7
2 843 3
2 973 2
2 991 5
3 42 1
3 170 2
3 200 4
3 265 4
3 304 9
3 455 1
3 466 9
3 547 8
3 703 9
3 735 8
3 839 3
3 919 5
3 988 7
4 132 7
4 135 10
4 276 4
4 312 6
4 338 5
4 346 5
4 348 4
4 401 3
4 563 10
4 621 4
4 648 3
4 658 9
4 735 7
4 750 2
4 796 10
4 814 7
4 981 9
5 97 7
5 111 8
5 127 10
5 144 4
5 154 7
5 180 5
5 239 6
5 242 8
5 248 8
5 255 6
5 258 9
5 273 4
5 304 5
5 347 6
5 374 4
5 388 9
5 518 7
5 567 4
5 621 5
5 671 6
5 719 3
5 756 5
5 811 1
5 906 7
5 943 2
5 947 9
5 977 3
6 133 2
6 145 8
6 205 7
6 294 8
6 376 10
6 435 4
6 659 8
6 711 2
6 712 6
6 721 10
6 760 7
6 873 10
6 905 5
6 947 3
6 968 2
7 104 4
7 127 7
7 137 5
7 164 7
7 166 6
7 196 5
7 375 5
7 376 6
7 398 4
7 423 10
7 451 7
7 560 7
7 575 4
7 635 6
7 677 4
7 740 8
7 798 8
7 830 2
7 872 8
7 875 8
7 889 3
7 905 8
7 919 2
7 940 2
8 69 8
8 95 10
8 107 10
8 111 7
8 132 7
8 244 1
8 253 4
8 314 4
8 416 5
8 480 10
8 498 1
8 538 4
8 584 5
8 605 6
8 691 1
8 848 6
8 857 9
8 864 8
8 918 3
9 174 9
9 191 10
9 199 8
9 200 6
9 252 10
9 328 5
9 388 4
9 410 8
9 751 6
9 956 6
10 55 5
10 139 6
10 169 5
10 240 3
10 258 10
10 259 5
10 321 1
10 370 8
10 377 3
10 394 2
10 422 9
10 437 9
10 478 4
10 507 7
10 530 5
10 560 9
10 612 6
10 715 10
10 742 10
10 811 10
10 815 8
10 855 1
10 940 10
10 983 6
10 986 1
10 993 5
11 17 3
11 49 8
11 55 3
11 123 7
11 127 3
11 229 10
11 337 6
11 397 5
11 454 4
11 457 9
11 475 5
11 603 4
11 608 9
11 644 5
11 706 6
11 720 9
11 797 1
11 799 4
11 817 7
11 887 6
11 910 6
11 966 7
11 990 10
12 136 8
12 216 5
12 257 3
12 349 7
12 382 6
12 438 9
12 482 2
12 537 6
12 600 6
12 623 10
12 773 3
12 776 8
12 846 10
12 854 9
13 80 7
13 221 5
13 227 4
13 246 9
13 296 3
13 320 6
13 377 4
13 381 4
13 426 1
13 518 2
13 594 3
13 764 5
13 859 6
13 886 2
13 900 6
14 58 5
14 67 7
14 152 2
14 164 6
14 184 2
14 188 3
14 217 9
14 271 7
14 351 1
14 367 10
14 372 2
14 470 3
14 492 3
14 611 1
14 667 2
14 692 5
14 789 1
14 994 6
15 30 10
15 90 9
15 119 1
15 215 4
15 268 9
15 542 5
15 545 8
15 591 1
15 634 2
15 642 6
15 666 1
15 670 6
15 677 5
15 695 9
15 887 10
15 935 1
15 936 4
16 45 9
16 68 1
16 93 10
16 304 4
16 381 3
16 393 9
16 456 2
16 509 3
16 571 4
16 576 7
16 622 2
16 672 9
16 677 3
16 709 9
16 735 6
16 750 6
16 756 5
16 775 7
16 939 7
16 978 9
16 993 7
16 998 8
17 44 10
17 72 4
17 101 1
17 173 5
17 275 5
17 276 9
17 320 5
17 339 8
17 395 3
17 459 3
17 493 4
17 503 8
17 646 8
17 747 7
17 788 5
17 798 2
17 824 4
17 833 7
17 894 2
17 897 5
17 972 6
17 978 5
18 27 2
18 42 10
18 44 1
18 77 5
18 93 7
18 94 9
18 108 5
18 150 3
18 289 3
18 293 1
18 300 2
18 398 9
18 461 9
18 508 9
18 540 7
18 542 8
18 568 5
18 584 3
18 586 10
18 706 5
18 732 4
18 874 10
18 896 5
19 259 9
19 304 8
19 377 6
19 421 5
19 440 1
19 456 1
19 593 2
19 603 2
19 706 7
19 779 1
19 811 3
20 30 9
20 87 3
20 93 8
20 133 5
20 204 5
20 219 7
20 237 2
20 310 8
20 324 8
20 380 4
20 517 9
20 523 6
20 551 6
20 650 5
20 702 3
20 710 2
20 762 3
20 832 7
20 905 9
20 977 2
20 999 1
21 86 6
21 127 4
21 140 4
21 172 3
21 185 2
21 207 4
21 248 2
21 321 10
21 334 5
21 382 8
21 490 6
21 510 6
21 540 8
21 670 8
21 673 5
21 695 4
21 862 5
21 865 9
21 878 8
21 940 3
21 993 5
22 37 10
22 47 5
22 59 4
22 97 6
22 132 9
22 298 9
22 308 6
22 384 5
22 413 5
22 460 8
22 489 3
22 559 1
22 632 7
22 646 1
22 686 4
22 708 1
22 746 6
22 783 10
22 800 1
22 892 8
22 912 8
22 952 8
22 956 5
23 24 7
23 61 7
23 90 1
23 113 3
23 214 2
23 287 6
23 346 8
23 375 4
23 404 10
23 407 1
23 418 5
23 450 2
23 472 8
23 475 1
23 484 7
23 493 7
23 526 4
23 640 2
23 678 5
23 702 10
23 859 10
23 938 9
23 965 4
23 989 9
24 28 7
24 66 1
24 98 2
24 153 8
24 257 8
24 284 10
24 295 1
24 320 4
24 330 4
24 416 9
24 421 10
24 437 3
24 446 6
24 458 3
24 516 8
24 652 2
24 674 9
24 704 4
24 743 9
24 799 5
24 823 1
24 869 3
24 897 3
25 29 7
25 63 1
25 162 1
25 203 2
25 226 5
25 250 2
25 277 6
25 279 2
25 341 8
25 364 3
25 365 4
25 388 6
25 522 1
25 564 8
25 571 9
25 586 4
25 590 4
25 629 2
25 641 10
25 659 10
25 663 1
25 690 8
25 742 1
25 786 4
25 820 9
25 893 4
25 931 6
25 954 6
25 961 10
26 89 9
26 109 9
26 153 7
26 166 6
26 182 4
26 207 3
26 235 6
26 312 5
26 373 4
26 396 1
26 460 1
26 484 7
26 489 10
26 613 7
26 678 3
26 738 7
26 755 7
26 765 4
26 800 2
26 861 8
26 862 5
26 894 8
27 94 9
27 105 1
27 139 1
27 242 3
27 245 8
27 249 9
27 338 2
27 398 5
27 433 9
27 439 2
27 450 6
27 468 5
27 498 4
27 536 6
27 569 4
27 637 9
27 679 3
27 759 2
27 760 1
27 771 2
27 774 2
27 841 1
27 920 9
28 151 9
28 154 7
28 259 4
28 339 2
28 375 8
28 505 9
28 540 2
28 636 4
28 721 6
28 731 1
28 768 4
28 813 3
28 825 4
28 870 2
29 115 3
29 158 8
29 216 9
29 232 8
29 249 3
29 282 2
29 284 3
29 304 4
29 365 9
29 408 7
29 422 7
29 517 9
29 600 4
29 651 3
29 691 6
29 695 10
29 719 4
29 797 8
29 825 7
29 862 6
29 935 2
30 157 10
30 234 2
30 319 5
30 372 7
30 441 8
30 523 9
30 627 3
30 642 2
30 643 7
30 648 5
30 662 4
30 669 3
30 720 5
30 731 7
30 780 8
30 959 6
31 111 2
31 280 4
31 347 9
31 470 1
31 732 7
31 825 7
31 846 9
31 926 1
32 65 5
32 82 3
32 125 3
32 271 8
32 276 1
32 290 3
32 307 8
32 329 5
32 376 6
32 489 8
32 548 8
32 560 1
32 615 2
32 648 8
32 706 3
32 727 4
32 873 4
33 42 10
33 96 2
33 119 6
33 135 7
33 169 7
33 245 10
33 261 2
33 349 6
33 482 3
33 558 9
33 632 9
33 791 7
33 856 9
33 857 8
33 907 2
34 57 2
34 109 2
34 119 3
34 137 5
34 171 10
34 310 10
34 333 10
34 403 8
34 451 8
34 493 9
34 524 5
34 539 9
34 598 10
34 641 3
34 712 5
34 716 7
34 735 9
34 769 2
34 775 7
34 795 7
34 802 1
34 886 9
35 40 2
35 120 9
35 137 10
35 195 10
35 210 6
35 216 10
35 287 4
35 321 7
35 360 2
35 425 7
35 455 6
35 502 4
35 523 4
35 580 3
35 599 4
35 603 9
35 611 3
35 635 4
35 657 6
35 661 2
35 673 9
35 745 6
35 810 10
35 864 4
35 894 1
35 933 5
35 969 9
35 991 8
36 37 4
36 39 10
36 157 3
36 207 7
36 210 8
36 231 5
36 265 9
36 332 10
36 397 7
36 493 2
36 551 5
36 585 3
36 698 10
36 736 1
36 761 7
36 781 2
36 838 3
36 863 8
36 897 3
36 936 2
36 958 2
36 961 9
37 43 8
37 126 3
37 132 9
37 187 10
37 310 1
37 341 3
37 346 8
37 360 1
37 411 8
37 414 10
37 477 2
37 540 2
37 680 1
37 764 8
37 811 8
37 873 1
37 908 5
37 955 4
38 48 5
38 78 4
38 92 2
38 199 3
38 218 6
38 326 7
38 342 6
38 419 2
38 503 8
38 723 2
38 727 4
38 777 2
38 866 5
38 902 3
38 993 4
39 40 8
39 101 6
39 120 5
39 157 8
39 165 10
39 190 2
39 238 9
39 358 7
39 381 1
39 414 5
39 442 2
39 524 6
39 531 8
39 587 1
39 710 4
39 727 4
39 817 1
39 919 9
39 993 3
40 142 2
40 234 5
40 404 5
40 551 5
40 556 1
40 773 1
40 991 3
41 46 8
41 76 3
41 122 10
41 149 10
41 169 4
41 208 2
41 271 10
41 338 8
41 367 3
41 393 10
41 405 5
41 493 1
41 670 5
41 825 3
41 856 6
41 969 5
42 69 4
42 94 9
42 97 2
42 115 5
42 170 6
42 205 6
42 252 9
42 298 7
42 314 9
42 354 6
42 376 7
42 502 4
42 532 9
42 540 1
42 618 7
42 633 4
42 801 4
42 809 9
42 821 9
42 845 6
43 209 10
43 260 1
43 410 9
43 658 3
43 709 2
43 816 3
43 896 5
44 54 9
44 220 5
44 234 10
44 286 1
44 303 3
44 355 2
44 381 10
44 383 2
44 481 3
44 531 6
44 542 7
44 563 7
44 687 3
44 699 3
44 700 2
44 763 7
44 801 6
44 818 5
44 866 5
44 928 10
44 954 10
44 991 1
44 995 9
45 52 9
45 55 5
45 204 10
45 251 8
45 295 4
45 329 1
45 359 3
45 375 6
45 432 8
45 438 8
45 464 2
45 485 1
45 533 4
45 623 7
45 629 1
45 668 9
45 777 10
45 793 6
45 796 2
45 828 4
45 838 8
45 840 2
45 849 8
45 864 6
45 880 9
45 900 2
46 61 5
46 77 4
46 305 1
46 399 3
46 464 8
46 488 10
46 518 8
46 526 2
46 599 3
46 667 6
46 736 7
46 737 10
46 746 8
46 773 9
46 794 7
46 799 4
46 842 3
46 912 10
46 968 10
47 79 9
47 451 2
47 508 3
47 531 7
47 648 1
47 696 2
47 718 9
47 740 5
47 844 5
47 933 3
47 951 1
48 112 6
48 139 9
48 221 8
48 251 8
48 254 6
48 354 5
48 378 7
48 390 6
48 399 9
48 412 1
48 480 5
48 486 10
48 515 10
48 570 8
48 650 10
48 709 9
48 727 1
48 785 4
48 838 1
48 841 4
48 914 4
48 943 6
49 60 4
49 63 3
49 67 2
49 118 7
49 119 4
49 203 1
49 205 7
49 256 9
49 322 3
49 352 5
49 424 1
49 471 10
49 523 6
49 554 10
49 719 3
49 731 5
49 762 2
49 781 10
49 838 4
49 861 2
49 878 1
49 899 8
50 160 5
50 231 8
50 287 7
50 366 7
50 372 1
50 495 8
50 523 4
50 545 10
50 726 5
50 834 4
50 885 7
50 904 5
50 981 3
51 154 8
51 268 7
51 279 8
51 449 6
51 472 6
51 489 8
51 611 10
51 689 6
51 816 6
51 886 4
51 992 6
52 77 2
52 156 7
52 211 5
52 216 9
52 265 6
52 329 7
52 347 10
52 392 5
52 441 10
52 465 8
52 489 6
52 545 8
52 615 1
52 628 3
52 768 4
52 817 6
52 848 3
53 91 7
53 105 10
53 149 6
53 178 10
53 180 4
53 249 4
53 280 4
53 285 6
53 333 3
53 347 6
53 360 3
53 365 3
53 406 6
53 407 10
53 439 7
53 469 3
53 498 8
53 584 9
53 591 9
53 627 6
53 668 7
53 680 4
53 830 3
53 843 10
53 889 10
53 895 8
53 908 2
53 956 6
53 958 9
54 67 7
54 70 6
54 137 2
54 254 1
54 270 7
54 331 6
54 338 4
54 447 5
54 458 8
54 604 6
54 617 1
54 643 8
54 688 1
54 760 4
54 764 5
54 806 10
54 818 5
54 829 1
54 940 2
54 962 4
54 971 8
55 160 10
55 432 6
55 616 2
55 854 6
55 913 7
55 921 6
56 60 8
56 183 6
56 252 6
56 414 1
56 611 8
56 629 4
56 645 8
56 815 6
56 817 6
56 843 5
56 937 4
56 994 6
57 76 9
57 159 4
57 177 10
57 183 3
57 287 6
57 447 3
57 481 10
57 569 4
57 598 8
57 617 10
57 658 5
57 754 9
57 835 6
57 836 8
57 839 9
57 924 10
57 935 7
57 977 10
58 67 3
58 100 6
58 114 4
58 125 4
58 254 2
58 274 3
58 309 6
58 316 7
58 324 2
58 443 9
58 480 9
58 759 1
58 789 4
58 795 3
58 825 2
58 954 7
58 995 7
59 77 9
59 115 2
59 131 3
59 174 8
59 264 10
59 307 2
59 326 4
59 329 1
59 413 10
59 483 6
59 515 4
59 549 10
59 603 4
59 612 5
59 672 2
59 688 4
59 709 4
59 719 10
59 730 7
59 745 5
59 775 3
59 891 7
59 901 9
59 918 1
59 979 1
60 81 3
60 134 9
60 137 6
60 195 1
60 204 6
60 206 4
60 240 10
60 254 2
60 300 9
60 318 3
60 333 1
60 358 5
60 392 7
60 418 8
60 476 2
60 508 8
60 685 10
60 715 1
60 799 2
60 842 5
60 877 5
60 886 7
60 901 5
60 910 5
61 122 1
61 131 1
61 219 8
61 238 4
61 260 10
61 261 8
61 340 1
61 343 4
61 360 9
61 425 3
61 432 5
61 510 8
61 538 4
61 547 8
61 548 9
61 600 3
61 604 3
61 653 2
61 737 4
61 772 9
61 816 3
61 844 3
61 914 5
61 917 9
62 314 4
62 395 7
62 560 5
62 615 8
62 622 1
62 704 3
62 708 1
62 731 8
62 927 9
63 242 3
63 300 1
63 304 2
63 426 4
63 443 10
63 457 2
63 469 7
63 527 4
63 557 7
63 602 9
63 651 7
63 744 9
63 750 9
63 883 6
63 931 7
63 982 4
63 984 4
64 132 3
64 209 2
64 274 9
64 379 4
64 453 10
64 519 4
64 575 1
64 661 6
64 796 2
64 826 10
64 838 5
65 98 8
65 140 10
65 155 1
65 176 1
65 264 4
65 294 1
65 339 10
65 359 1
65 488 2
65 507 8
65 530 5
65 552 7
65 570 2
65 701 4
65 755 2
65 808 1
65 822 10
65 863 9
65 877 3
66 112 6
66 114 3
66 154 3
66 167 5
66 208 10
66 260 6
66 414 5
66 418 5
66 463 9
66 528 8
66 607 7
66 624 10
66 709 10
66 859 10
66 910 6
67 262 6
67 270 2
67 276 4
67 298 5
67 351 5
67 358 3
67 385 1
67 484 10
67 490 10
67 498 3
67 520 3
67 560 2
67 607 1
67 697 5
67 803 5
67 819 8
67 872 8
67 904 5
67 917 5
67 996 4
68 79 5
68 285 4
68 326 8
68 456 6
68 487 4
68 494 5
68 557 7
68 560 4
68 643 4
68 655 10
68 696 8
68 710 10
68 717 1
68 753 6
68 794 8
68 805 6
68 820 5
68 840 2
68 841 10
68 854 2
68 858 5
68 865 5
68 914 8
68 939 1
68 986 2
69 109 10
69 130 9
69 136 3
69 144 6
69 159 1
69 174 7
69 197 1
69 234 3
69 278 8
69 285 2
69 324 6
69 347 7
69 384 3
69 405 7
69 420 3
69 450 2
69 704 9
69 740 8
69 749 8
69 775 4
69 782 5
69 831 10
69 852 6
69 853 7
69 914 1
69 932 7
69 992 6
70 82 4
70 119 5
70 162 8
70 180 9
70 219 2
70 247 8
70 379 8
70 433 8
70 496 9
70 562 3
70 583 1
70 616 7
70 658 1
70 696 7
70 722 2
70 750 10
70 764 9
70 787 3
70 832 3
70 904 5
70 907 3
70 928 7
70 961 4
71 214 10
71 234 4
71 236 2
71 336 7
71 341 1
71 448 10
71 463 9
71 495 10
71 569 3
71 658 7
71 725 9
71 830 1
71 863 3
72 150 7
72 184 6
72 225 9
72 253 5
72 401 4
72 524 7
72 624 5
72 632 8
72 852 3
72 854 10
72 959 5
72 973 1
73 105 6
73 118 4
73 119 3
73 253 9
73 281 5
73 293 10
73 311 9
73 417 2
73 423 8
73 438 7
73 468 5
73 500 6
73 586 2
73 649 10
73 650 10
73 657 4
73 674 6
73 693 4
73 756 6
73 840 2
73 868 5
73 908 6
73 980 2
73 996 8
74 114 10
74 147 1
74 227 10
74 409 9
74 447 5
74 501 7
74 515 10
74 541 3
74 569 8
74 580 7
74 591 8
74 670 5
74 729 7
74 770 9
74 771 3
74 905 7
75 77 4
75 85 8
75 286 2
75 367 2
75 429 9
75 637 2
75 700 10
75 760 3
75 784 1
75 817 10
76 192 2
76 332 2
76 485 9
76 873 6
77 170 10
77 174 7
77 224 10
77 260 6
77 335 4
77 362 1
77 369 4
77 371 2
77 550 10
77 558 3
77 640 9
77 642 1
77 677 7
77 700 1
77 709 3
77 833 5
77 894 5
78 87 8
78 119 3
78 253 10
78 376 10
78 465 9
78 512 4
78 549 3
78 669 7
78 693 10
78 716 3
78 770 1
78 883 5
78 895 9
78 903 9
78 983 1
79 82 6
79 140 8
79 170 4
79 247 9
79 294 7
79 325 4
79 328 2
79 342 4
79 375 8
79 390 4
79 410 6
79 430 7
79 495 6
79 516 1
79 595 3
79 623 9
79 633 8
79 644 1
79 784 6
79 840 4
79 867 3
79 886 5
79 907 10
79 937 10
79 955 10
80 97 7
80 133 8
80 167 10
80 209 1
80 220 10
80 232 2
80 240 1
80 252 6
80 349 1
80 359 3
80 374 6
80 376 6
80 432 4
80 436 3
80 538 9
80 552 9
80 574 2
80 598 7
80 626 8
80 659 2
80 692 9
80 779 8
80 782 10
80 840 9
80 883 7
80 912 2
80 956 9
81 209 8
81 283 10
81 359 6
81 499 1
81 510 1
81 574 6
81 643 10
81 664 9
81 731 4
81 961 1
82 139 6
82 159 7
82 189 4
82 195 5
82 252 5
82 303 3
82 382 6
82 471 1
82 517 6
82 572 4
82 589 4
82 650 6
82 651 4
82 705 9
82 715 5
82 815 5
82 834 7
82 948 6
83 126 9
83 146 10
83 301 7
83 314 4
83 340 4
83 380 2
83 383 8
83 395 1
83 401 2
83 484 4
83 564 7
83 666 5
83 682 9
83 685 7
83 698 5
83 732 1
83 759 4
83 767 3
83 768 1
83 780 2
83 796 6
83 797 3
83 828 4
83 929 4
83 952 9
83 954 2
83 980 8
83 996 7
84 101 7
84 119 8
84 162 9
84 197 1
84 290 9
84 550 4
84 633 4
84 646 6
84 683 5
84 731 7
84 858 9
84 893 3
84 908 9
84 916 7
84 943 5
84 989 8
85 86 8
85 87 8
85 88 1
85 160 3
85 177 9
85 196 8
85 251 7
85 278 5
85 294 10
85 325 3
85 342 4
85 383 7
85 532 3
85 640 1
85 679 5
85 715 3
85 742 3
85 754 2
85 755 9
85 787 2
85 833 9
85 981 6
85 982 1
86 236 6
86 247 5
86 260 10
86 301 6
86 338 10
86 390 8
86 403 10
86 432 1
86 627 7
86 716 4
86 731 9
86 749 4
86 797 4
86 816 6
86 874 10
86 921 3
86 948 2
86 994 10
87 111 6
87 160 7
87 353 10
87 354 6
87 540 5
88 134 7
88 202 6
88 218 4
88 300 6
88 318 2
88 360 9
88 475 1
88 527 10
88 551 3
88 596 8
88 607 7
88 637 5
88 738 1
88 762 6
88 870 6
88 884 3
88 908 4
89 116 7
89 124 10
89 126 9
89 128 9
89 155 9
89 176 2
89 200 4
89 249 10
89 319 3
89 356 4
89 366 2
89 414 4
89 453 9
89 456 10
89 498 10
89 508 9
89 516 4
89 557 3
89 571 10
89 574 3
89 700 1
89 704 4
89 736 1
89 863 1
89 878 3
89 899 9
89 925 10
90 122 3
90 142 2
90 169 9
90 207 9
90 261 2
90 273 2
90 302 2
90 311 1
90 332 8
90 354 9
90 412 5
90 546 1
90 641 8
90 648 2
90 705 2
90 786 1
90 830 9
90 858 2
90 879 10
90 892 4
90 941 8
90 951 1
90 970 3
90 979 9
91 107 5
91 135 8
91 167 9
91 294 4
91 309 4
91 380 8
91 392 2
91 445 2
91 480 7
91 540 4
91 642 10
91 656 3
91 660 8
91 662 4
91 672 10
91 677 9
91 803 6
91 812 1
91 913 8
91 939 8
92 105 9
92 131 2
92 164 8
92 165 6
92 202 4
92 229 5
92 240 5
92 248 4
92 328 7
92 365 8
92 368 4
92 389 8
92 435 6
92 475 5
92 527 8
92 546 7
92 567 4
92 673 1
92 698 9
92 707 10
92 731 1
92 734 2
92 793 10
92 805 3
92 814 2
92 859 2
93 104 9
93 129 5
93 213 6
93 245 1
93 410 1
93 460 10
93 482 1
93 485 10
93 578 9
93 620 5
93 690 1
93 729 6
93 755 4
93 781 1
93 821 1
93 864 1
93 931 2
93 976 10
93 990 9
94 96 1
94 131 2
94 132 9
94 147 7
94 220 3
94 238 8
94 316 5
94 477 9
94 551 2
94 635 7
94 774 2
94 920 9
94 935 7
95 150 9
95 158 9
95 193 2
95 219 4
95 275 10
95 390 2
95 489 10
95 558 3
95 661 1
95 755 7
95 756 5
95 775 1
95 818 5
95 970 9
95 977 5
96 173 1
96 200 10
96 241 9
96 511 8
96 568 6
96 574 2
96 603 1
96 690 2
96 732 9
96 783 9
96 883 4
96 916 9
96 918 5
96 926 6
96 975 9
97 121 3
97 147 6
97 202 6
97 204 9
97 250 1
97 259 10
97 293 5
97 448 1
97 465 8
97 490 5
97 598 3
97 613 6
97 649 7
97 681 8
97 716 6
97 804 1
97 944 8
97 988 10
98 154 10
98 240 7
98 346 9
98 348 3
98 369 9
98 394 2
98 415 8
98 496 2
98 570 2
98 575 10
98 672 2
98 680 10
98 708 6
98 749 3
98 776 1
99 147 1
99 204 3
99 210 6
99 260 2
99 280 2
99 311 9
99 316 4
99 339 9
99 384 2
99 448 8
99 514 4
99 580 6
99 602 2
99 603 1
99 667 10
99 707 5
99 715 3
99 810 1
99 853 2
99 888 3
99 916 8
99 925 1
99 926 10
99 996 2
99 998 6
100 178 10
100 271 3
100 332 10
100 337 10
100 484 8
100 536 9
100 774 7
100 849 6
100 941 8
100 986 2
101 119 3
101 261 10
101 310 2
101 455 9
101 518 3
101 534 2
101 629 3
101 638 3
101 706 6
101 719 4
101 731 9
101 771 1
101 784 10
101 787 8
101 854 9
101 887 2
101 900 5
101 933 9
101 957 10
101 959 9
101 997 7
102 127 7
102 134 10
102 184 8
102 272 4
102 289 7
102 308 3
102 339 10
102 347 3
102 353 10
102 392 9
102 396 6
102 410 5
102 459 5
102 493 7
102 735 9
102 740 7
102 792 8
102 793 9
102 907 4
102 910 2
102 927 3
102 961 5
103 141 5
103 287 3
103 309 10
103 457 1
103 498 4
103 531 3
103 551 2
103 587 4
103 786 10
104 122 3
104 146 2
104 198 9
104 223 7
104 318 4
104 352 2
104 354 7
104 358 8
104 386 1
104 414 1
104 472 3
104 499 4
104 510 1
104 513 5
104 540 9
104 639 5
104 682 4
104 696 3
104 734 4
104 751 8
104 788 1
104 807 4
104 902 10
104 943 1
104 995 3
105 136 10
105 189 7
105 201 3
105 254 4
105 349 7
105 529 1
105 546 3
105 576 3
105 638 2
105 743 7
105 746 8
105 795 10
105 825 5
105 840 3
105 911 3
105 919 7
105 998 3
106 169 6
106 279 1
106 515 5
106 862 10
106 894 8
106 954 4
106 994 4
106 998 10
107 130 2
107 133 2
107 558 7
107 631 5
107 834 4
107 933 2
108 137 3
108 146 3
108 170 4
108 224 9
108 287 6
108 405 10
108 496 2
108 497 8
108 517 8
108 548 4
108 556 9
108 608 3
108 617 3
108 640 10
108 913 3
108 988 1
109 157 10
109 170 5
109 202 10
109 242 6
109 288 7
109 380 10
109 407 9
109 504 4
109 510 5
109 558 8
109 594 8
109 627 4
109 642 8
109 679 4
109 692 1
109 703 1
109 709 6
109 798 5
109 825 9
109 872 7
109 921 10
109 954 8
110 151 2
110 204 9
110 307 3
110 328 4
110 489 1
110 511 4
110 569 2
110 642 7
110 747 10
110 799 9
110 807 4
110 838 6
110 862 6
110 867 2
110 949 9
110 969 6
110 990 6
111 259 4
111 291 4
111 325 10
111 365 3
111 478 1
111 523 6
111 531 3
111 800 4
111 834 10
111 836 6
111 928 8
111 938 4
111 943 7
112 126 9
112 139 4
112 156 1
112 166 7
112 303 8
112 365 7
112 451 2
112 474 10
112 491 9
112 521 1
112 530 8
112 579 2
112 587 4
112 631 4
112 710 6
112 747 10
112 788 5
112 797 3
112 804 2
112 989 1
113 118 2
113 174 1
113 237 1
113 359 6
113 403 10
113 414 8
113 448 1
113 484 7
113 494 7
113 498 4
113 574 2
113 631 10
113 652 10
113 680 4
113 691 1
113 788 3
113 792 1
113 805 10
113 809 1
113 857 4
113 905 1
113 909 1
113 928 10
113 942 8
114 181 5
114 276 5
114 302 2
114 332 1
114 342 7
114 345 5
114 354 7
114 428 6
114 433 8
114 439 7
114 441 4
114 544 10
114 565 5
114 569 1
114 601 8
114 639 5
114 671 7
114 733 10
114 794 9
114 856 9
114 880 7
114 893 1
114 944 4
114 957 7
115 125 10
115 175 8
115 248 7
115 299 9
115 305 4
115 310 7
115 340 10
115 353 2
115 429 2
115 454 3
115 483 8
115 559 9
115 575 9
115 637 6
115 663 1
115 672 6
115 690 7
115 698 10
115 702 5
115 714 9
115 799 7
115 896 2
115 941 4
115 989 1
116 235 3
116 345 2
116 510 1
116 576 10
116 632 6
116 708 1
116 717 4
116 887 3
116 961 8
117 118 1
117 120 10
117 121 9
117 132 2
117 137 7
117 277 8
117 340 8
117 344 9
117 371 5
117 427 8
117 435 2
117 460 1
117 493 3
117 546 10
117 642 5
117 688 5
117 777 9
117 805 4
117 873 10
117 899 7
117 927 3
118 135 9
118 174 8
118 188 1
118 267 8
118 317 10
118 346 7
118 407 9
118 464 4
118 534 4
118 615 6
118 617 10
118 628 5
118 751 6
118 802 6
118 860 7
119 135 9
119 172 8
119 175 7
119 200 2
119 218 3
119 228 9
119 257 6
119 445 10
119 507 8
119 517 1
119 552 7
119 561 7
119 610 4
119 714 6
119 779 5
119 805 2
119 841 10
119 881 8
119 895 9
120 133 9
120 202 9
120 234 10
120 293 7
120 329 1
120 376 5
120 397 1
120 408 3
120 458 6
120 488 1
120 540 10
120 610 9
120 624 6
120 738 3
120 776 6
120 824 10
120 849 5
120 887 4
120 962 9
120 994 5
121 286 3
121 393 4
121 748 2
121 749 9
121 795 8
121 924 1
122 150 3
122 240 2
122 246 7
122 251 7
122 267 5
122 299 10
122 304 10
122 383 1
122 442 6
122 467 5
122 515 4
122 624 2
122 626 9
122 631 9
122 662 6
122 685 10
122 698 7
122 716 5
122 732 3
122 748 9
122 875 5
122 897 6
123 179 2
123 184 4
123 192 5
123 196 2
123 289 3
123 346 2
123 358 1
123 363 7
123 369 10
123 393 10
123 439 3
123 529 4
123 563 3
123 675 7
123 684 8
123 787 8
123 884 4
123 889 4
123 989 6
124 127 9
124 187 2
124 214 2
124 242 5
124 346 7
124 354 3
124 436 4
124 469 5
124 479 5
124 614 2
124 702 9
124 749 6
124 757 3
124 779 6
124 874 6
125 132 10
125 149 9
125 450 5
125 456 1
125 460 4
125 494 6
125 503 4
125 513 2
125 547 7
125 559 1
125 679 5
125 680 1
125 716 9
125 718 6
125 721 5
125 760 6
125 770 9
125 780 2
125 794 5
125 895 5
125 899 2
125 962 7
126 154 7
126 202 5
126 217 3
126 291 2
126 307 1
126 332 4
126 334 8
126 448 7
126 470 7
126 481 4
126 506 2
126 605 3
126 635 8
126 754 4
126 786 1
126 821 10
126 831 5
126 863 10
126 931 3
126 938 2
126 974 4
126 983 4
127 247 9
127 253 8
127 299 2
127 335 7
127 447 9
127 517 2
127 585 10
127 605 7
127 608 8
127 630 2
127 645 1
127 669 1
127 737 10
127 753 10
127 804 8
127 838 2
127 852 7
127 869 6
127 955 2
127 964 7
128 136 2
128 222 7
128 224 7
128 259 1
128 331 9
128 409 8
128 471 4
128 563 4
128 599 7
128 688 3
128 715 9
128 916 4
128 924 9
129 190 10
129 196 8
129 203 3
129 265 1
129 320 5
129 360 4
129 513 3
129 521 10
129 557 6
129 587 10
129 589 2
129 640 6
129 740 9
129 755 6
129 839 7
129 866 3
129 942 4
129 946 3
129 993 7
130 174 6
130 200 7
130 232 5
130 257 2
130 291 9
130 321 6
130 351 6
130 388 9
130 392 1
130 429 8
130 453 8
130 698 1
130 709 3
130 775 4
130 811 4
130 884 9
130 945 4
131 135 1
131 138 6
131 235 6
131 248 8
131 273 8
131 303 9
131 321 2
131 371 5
131 396 7
131 484 1
131 493 5
131 526 4
131 780 6
131 805 7
131 817 2
131 830 9
131 854 9
131 885 2
131 895 2
131 898 5
131 930 3
132 187 2
132 193 4
132 207 6
132 309 10
132 311 3
132 324 9
132 413 4
132 480 7
132 503 5
132 513 10
132 570 8
132 575 1
132 609 10
132 623 10
132 624 2
132 625 5
132 661 4
132 715 9
132 726 8
132 781 1
132 802 6
132 908 3
132 956 5
132 990 1
132 994 5
133 161 1
133 193 3
133 214 3
133 258 2
133 293 5
133 329 6
133 348 6
133 367 3
133 471 4
133 490 8
133 548 8
133 602 9
133 604 10
133 618 5
133 638 2
133 679 7
133 740 4
133 762 5
133 828 9
133 892 4
133 953 3
133 968 1
134 142 8
134 176 4
134 230 3
134 233 5
134 279 7
134 346 2
134 365 2
134 376 4
134 437 3
134 463 3
134 465 4
134 559 6
134 632 3
134 654 4
134 740 2
134 781 4
134 827 10
134 862 9
134 911 1
134 937 10
135 155 8
135 185 1
135 211 3
135 273 7
135 287 8
135 366 10
135 428 1
135 429 7
135 482 10
135 490 10
135 512 5
135 612 10
135 737 2
135 759 7
135 778 5
135 781 1
135 910 2
135 937 10
135 942 6
136 144 4
136 178 9
136 189 8
136 192 4
136 200 7
136 210 2
136 219 2
136 255 1
136 256 7
136 276 5
136 287 5
136 329 7
136 476 2
136 502 4
136 519 5
136 534 10
136 594 1
136 722 3
136 749 1
136 831 4
136 846 4
136 910 10
136 956 1
136 986 4
136 992 3
137 194 9
137 332 5
137 607 7
137 820 9
137 844 2
137 874 2
138 162 4
138 285 8
138 300 3
138 410 8
138 629 6
138 838 8
138 839 9
138 861 4
138 931 3
138 997 8
139 190 4
139 291 3
139 325 8
139 343 4
139 402 5
139 405 5
139 417 4
139 434 3
139 481 5
139 496 2
139 500 10
139 548 2
139 579 9
139 613 4
139 708 2
139 723 9
139 879 2
139 892 5
139 982 1
139 986 8
140 376 2
140 401 4
140 436 3
140 446 3
140 527 9
140 550 2
140 644 9
140 701 6
140 715 10
140 744 5
140 770 6
140 794 7
140 885 5
140 889 6
140 904 8
140 911 8
141 193 6
141 258 5
141 280 1
141 308 5
141 340 3
141 381 8
141 438 1
141 489 5
141 625 1
141 731 9
141 877 5
141 908 5
141 944 2
141 972 10
142 271 9
142 303 10
142 365 2
142 541 5
142 609 8
142 636 10
142 712 2
142 976 9
142 980 4
142 982 10
143 163 7
143 174 6
143 314 6
143 318 3
143 348 8
143 386 6
143 429 6
143 575 1
143 595 3
143 710 5
143 786 4
143 905 5
144 145 5
144 304 8
144 347 10
144 627 8
144 674 2
144 777 1
144 976 5
145 172 1
145 187 3
145 221 4
145 247 4
145 319 7
145 415 5
145 425 6
145 490 5
145 494 3
145 525 5
145 545 8
145 546 9
145 573 10
145 612 4
145 683 6
145 716 3
145 740 7
145 763 1
145 766 9
145 773 5
145 789 5
145 854 9
145 857 7
145 864 10
145 937 1
146 162 6
146 180 4
146 185 1
146 191 3
146 196 8
146 224 6
146 244 7
146 276 9
146 424 9
146 444 3
146 551 5
146 563 9
146 657 4
146 660 8
146 662 6
146 665 8
146 674 1
146 681 7
146 761 7
146 836 6
146 839 7
146 925 3
146 933 9
146 951 3
146 982 5
147 325 1
147 540 8
147 559 10
147 575 9
147 580 8
147 651 9
147 757 5
147 896 4
147 982 7
148 169 3
148 170 4
148 171 1
148 369 10
148 371 3
148 384 1
148 639 5
148 675 3
148 757 4
148 814 4
148 996 3
149 150 6
149 180 8
149 182 4
149 192 8
149 250 10
149 254 9
149 331 4
149 348 8
149 368 5
149 430 1
149 486 3
149 533 8
149 553 6
149 635 3
149 709 1
149 735 4
149 761 10
149 784 9
149 815 2
149 833 9
149 851 9
149 860 3
149 927 10
149 934 3
149 951 8
150 193 8
150 259 9
150 306 6
150 316 5
150 317 4
150 456 9
150 469 2
150 483 8
150 510 8
150 540 3
150 550 1
150 560 2
150 573 4
150 646 6
150 661 5
150 677 9
150 713 5
150 747 2
150 831 2
150 900 7
150 904 1
150 970 4
150 985 3
151 241 2
151 278 3
151 303 4
151 318 5
151 401 4
151 403 2
151 433 6
151 466 3
151 544 2
151 640 10
151 646 1
151 753 1
151 987 3
152 191 2
152 271 8
152 428 5
152 484 6
152 560 9
152 587 3
152 775 1
152 780 5
152 815 9
152 831 1
152 863 2
152 915 8
153 308 5
153 326 7
153 540 2
153 553 3
153 685 3
153 704 5
153 738 3
153 789 6
153 790 6
153 800 1
153 808 7
153 852 3
153 857 10
153 873 9
153 994 3
154 191 5
154 202 1
154 241 7
154 314 5
154 345 1
154 547 6
154 600 8
154 724 6
154 740 8
154 805 2
154 839 9
154 913 5
154 915 2
154 933 4
154 938 2
154 978 4
154 999 1
155 210 5
155 243 9
155 444 8
155 463 10
155 600 5
155 699 7
155 703 3
155 741 7
155 859 10
156 184 7
156 327 5
156 333 4
156 458 5
156 565 4
156 635 6
156 638 6
156 688 1
156 726 9
156 731 3
156 789 9
156 829 2
156 922 4
156 997 8
157 200 7
157 244 5
157 247 3
157 256 10
157 267 8
157 334 10
157 644 9
157 851 5
157 915 5
158 159 5
158 211 5
158 259 1
158 313 8
158 326 5
158 353 8
158 368 6
158 376 7
158 380 7
158 428 1
158 701 4
158 805 8
158 880 4
158 910 3
158 935 1
159 214 10
159 216 10
159 255 7
159 293 9
159 312 6
159 338 5
159 411 7
159 451 5
159 468 8
159 535 6
159 536 1
159 541 1
159 558 8
159 576 10
159 580 9
159 597 8
159 606 3
159 617 9
159 618 5
159 669 10
159 758 1
159 759 2
159 770 3
159 808 2
159 904 6
159 976 8
160 198 6
160 259 6
160 345 7
160 352 2
160 438 3
160 447 8
160 448 1
160 473 3
160 518 7
160 570 7
160 603 1
160 772 2
160 773 4
160 810 4
160 811 1
160 879 6
160 908 10
160 981 5
161 241 2
161 406 2
161 518 2
161 606 6
161 659 4
161 725 6
161 737 2
161 953 6
162 173 4
162 182 4
162 184 6
162 336 4
162 342 6
162 413 4
162 417 10
162 418 3
162 419 1
162 428 7
162 439 4
162 464 2
162 466 10
162 721 7
162 785 10
162 826 9
162 874 1
162 901 7
162 953 6
162 962 2
163 227 2
163 391 10
163 399 5
163 425 1
163 449 9
163 627 7
163 703 7
163 810 7
163 911 5
163 997 1
164 314 5
164 355 8
164 388 8
164 475 10
164 517 7
164 633 1
164 968 3
165 184 4
165 259 1
165 316 8
165 431 8
165 443 2
165 459 3
165 478 9
165 489 6
165 495 2
165 595 3
165 637 9
165 642 4
165 645 8
165 683 9
165 691 8
165 751 1
165 759 5
165 775 7
166 178 1
166 180 9
166 192 9
166 273 9
166 277 9
166 351 5
166 389 3
166 502 2
166 548 10
166 593 7
166 670 6
166 677 4
166 737 6
166 757 9
166 759 3
166 868 4
166 869 3
166 885 10
166 981 2
166 983 9
166 993 3
167 210 2
167 288 6
167 304 6
167 372 9
167 382 9
167 465 6
167 577 4
167 586 1
167 783 2
168 169 7
168 190 2
168 221 9
168 222 4
168 235 2
168 268 4
168 289 5
168 380 9
168 457 7
168 687 4
168 780 3
168 784 7
168 861 7
168 928 3
168 981 9
169 170 4
169 180 3
169 198 1
169 201 8
169 209 6
169 221 7
169 232 2
169 288 5
169 400 7
169 404 4
169 450 1
169 464 2
169 529 7
169 535 8
169 588 7
169 619 7
169 669 10
169 717 10
169 735 7
169 737 2
169 778 9
169 796 9
169 819 3
169 908 8
169 949 6
170 201 4
170 216 5
170 271 2
170 282 9
170 288 2
170 289 3
170 308 7
170 310 1
170 351 9
170 352 9
170 448 3
170 530 8
170 558 6
170 632 9
170 729 5
170 781 8
170 799 9
170 821 4
170 835 1
170 842 10
170 867 6
170 881 10
171 259 8
171 297 2
171 304 4
171 326 5
171 579 9
171 629 10
171 630 8
171 723 7
171 860 7
171 892 3
171 938 5
171 944 9
172 374 2
172 618 3
172 660 4
172 849 5
172 959 1
173 187 5
173 190 1
173 233 1
173 289 4
173 312 10
173 318 5
173 375 7
173 377 7
173 390 8
173 417 3
173 512 4
173 513 8
173 554 5
173 556 4
173 576 4
173 607 7
173 748 1
173 819 9
173 822 8
173 841 2
173 859 10
173 876 9
173 880 1
173 908 6
173 975 4
173 984 9
174 200 9
174 271 9
174 298 5
174 307 4
174 343 2
174 344 8
174 357 10
174 416 7
174 438 10
174 457 8
174 499 9
174 501 2
174 551 6
174 576 4
174 642 10
174 687 9
174 758 4
174 783 2
174 785 2
174 803 1
174 895 6
174 909 8
175 371 10
175 473 9
175 565 2
175 648 2
175 886 10
175 939 7
175 997 7
176 182 9
176 312 6
176 389 7
176 454 7
176 548 2
176 559 2
176 662 8
176 702 9
176 836 4
176 852 3
176 904 4
176 910 7
176 918 1
177 217 10
177 266 9
177 316 7
177 348 1
177 400 8
177 464 5
177 532 3
177 621 1
177 656 1
177 702 10
177 956 2
178 191 7
178 211 2
178 214 6
178 321 5
178 473 3
178 605 6
178 623 4
178 628 2
178 699 2
178 750 10
178 776 9
178 812 10
178 864 7
178 903 6
178 951 6
178 991 5
179 294 9
179 365 6
179 420 1
179 432 4
179 478 8
179 480 3
179 527 6
179 537 1
179 540 5
179 544 8
179 553 4
179 568 8
179 586 8
179 624 8
179 649 1
179 685 10
179 718 10
179 728 10
179 755 2
179 971 9
180 224 1
180 226 1
180 388 5
180 409 6
180 439 9
180 457 9
180 516 10
180 520 2
180 541 3
180 566 10
180 634 3
180 636 7
180 646 7
180 809 7
180 817 9
180 828 5
180 862 9
180 882 2
180 895 8
180 908 9
181 254 9
181 285 5
181 320 4
181 456 6
181 480 7
181 500 2
181 516 1
181 562 1
181 573 10
181 637 3
181 726 8
182 199 3
182 202 7
182 245 10
182 262 5
182 295 7
182 370 1
182 379 6
182 397 7
182 433 9
182 434 4
182 438 4
182 468 8
182 566 5
182 587 3
182 652 6
182 734 10
182 773 2
182 777 8
182 790 3
182 809 10
182 895 10
182 906 5
182 961 2
182 980 10
182 986 1
183 250 10
183 262 5
183 382 2
183 429 8
183 547 8
183 584 6
183 634 10
183 709 8
183 719 5
183 730 2
183 883 4
183 939 9
183 961 9
184 216 2
184 219 4
184 226 2
184 290 2
184 302 4
184 366 4
184 396 4
184 537 2
184 545 4
184 575 10
184 598 4
184 613 6
184 727 10
184 754 9
184 815 10
184 819 6
184 827 5
184 934 5
184 935 7
185 209 2
185 255 5
185 366 10
185 372 5
185 551 8
185 595 5
185 652 10
185 677 3
185 734 6
185 985 8
185 988 3
185 999 5
186 323 8
186 333 6
186 350 1
186 375 4
186 437 2
186 474 10
186 488 1
186 512 1
186 582 8
186 642 2
186 645 4
186 673 8
186 884 6
186 940 4
187 197 4
187 208 4
187 265 1
187 382 10
187 676 9
187 694 2
187 792 10
187 921 5
188 229 9
188 249 1
188 250 3
188 297 8
188 302 9
188 304 8
188 329 5
188 367 9
188 371 5
188 514 9
188 517 4
188 527 7
188 535 7
188 609 6
188 613 3
188 617 10
188 624 5
188 690 9
188 726 4
188 799 7
188 809 4
188 873 9
188 874 8
188 903 3
188 920 1
188 955 5
188 996 1
189 502 6
189 557 3
189 567 3
189 669 2
189 693 8
189 718 10
189 721 8
189 777 6
189 933 10
189 954 6
190 245 1
190 253 3
190 263 4
190 312 5
190 317 8
190 361 2
190 368 6
190 387 4
190 491 2
190 613 8
190 655 1
190 757 2
190 766 2
190 788 1
190 861 3
190 910 4
190 948 8
190 983 7
191 257 5
191 320 1
191 337 2
191 357 10
191 371 6
191 372 5
191 423 6
191 503 8
191 601 8
191 628 1
191 664 4
191 674 10
191 679 3
191 839 5
191 879 8
191 916 4
192 341 3
192 374 8
192 425 4
192 460 6
192 646 6
192 734 7
192 845 6
193 195 2
193 290 8
193 310 7
193 341 7
193 348 1
193 429 4
193 473 6
193 492 2
193 507 7
193 602 7
193 623 8
193 746 6
193 773 8
194 267 9
194 380 3
194 419 3
194 433 2
194 518 10
194 523 6
194 600 2
194 764 7
194 788 2
194 853 3
194 955 3
195 230 6
195 242 9
195 266 5
195 287 6
195 308 5
195 394 3
195 435 1
195 467 4
195 494 4
195 508 5
195 517 7
195 584 9
195 607 3
195 624 1
195 642 1
195 656 8
195 709 6
195 716 7
195 734 9
195 743 2
195 830 2
195 849 7
195 934 6
196 208 9
196 238 10
196 259 2
196 293 3
196 332 10
196 356 1
196 466 9
196 483 4
196 492 3
196 504 1
196 596 2
196 603 4
196 612 7
196 640 5
196 659 5
196 688 5
196 760 3
196 837 7
196 898 4
197 239 1
197 276 2
197 307 4
197 320 5
197 405 5
197 409 2
197 418 5
197 466 9
197 487 9
197 570 8
197 621 3
197 680 4
197 765 7
197 858 3
197 894 4
197 910 10
197 920 8
197 940 9
197 946 3
198 213 1
198 222 3
198 239 8
198 307 1
198 343 4
198 392 5
198 427 4
198 519 4
198 644 4
198 798 4
198 869 5
198 877 1
198 932 8
199 303 5
199 305 4
199 341 8
199 347 6
199 401 9
199 414 4
199 424 4
199 429 10
199 529 10
199 547 5
199 560 4
199 573 4
199 576 2
199 586 5
199 589 10
199 671 1
199 687 7
199 699 2
199 725 6
199 731 10
199 738 6
199 747 4
199 810 7
199 819 8
199 920 1
199 951 5
199 953 8
200 210 10
200 269 8
200 337 8
200 487 3
200 488 2
200 511 3
200 526 3
200 669 5
200 684 2
200 707 8
200 762 9
200 800 2
200 860 7
200 886 3
200 923 9
200 944 2
200 981 5
201 210 2
201 214 1
201 310 2
201 379 5
201 448 4
201 455 6
201 631 7
201 714 10
201 725 10
201 748 2
201 766 5
201 837 5
201 878 8
202 223 2
202 250 5
202 317 2
202 419 1
202 425 5
202 432 4
202 463 4
202 538 4
202 553 10
202 587 8
202 610 8
202 653 3
202 719 2
202 776 4
202 803 2
202 823 10
202 886 3
202 996 4
203 220 6
203 288 1
203 312 7
203 381 9
203 384 4
203 399 6
203 499 10
203 515 4
203 564 2
203 663 9
203 675 3
203 724 5
204 226 7
204 259 3
204 291 8
204 303 3
204 402 5
204 486 5
204 560 10
204 665 5
204 856 2
204 861 6
204 877 10
204 905 5
204 962 5
205 251 8
205 422 7
205 434 2
205 456 2
205 487 10
205 538 4
205 598 6
205 610 9
205 645 7
205 666 7
205 669 1
205 687 4
205 766 6
205 787 5
205 788 6
205 792 4
205 905 5
205 946 3
205 995 6
206 347 5
206 522 7
206 599 5
206 634 6
206 677 6
206 805 5
206 905 1
207 220 3
207 313 5
207 354 9
207 447 2
207 467 1
207 505 9
207 531 2
207 672 5
207 727 8
207 768 10
207 787 8
207 809 10
207 825 9
207 902 2
207 927 3
208 242 5
208 244 3
208 247 9
208 417 8
208 431 1
208 674 7
208 734 1
208 744 4
208 901 2
208 918 10
208 969 3
209 232 5
209 306 8
209 347 10
209 370 6
209 376 3
209 423 8
209 429 6
209 444 5
209 494 4
209 605 6
209 643 7
209 680 7
209 691 9
209 821 2
209 858 7
210 293 7
210 340 7
210 362 1
210 381 9
210 390 5
210 481 7
210 495 10
210 680 1
210 685 2
210 687 8
210 702 3
210 757 4
210 774 2
210 798 1
210 805 1
210 841 3
210 858 2
210 868 4
210 905 5
210 989 4
211 237 10
211 328 7
211 335 2
211 356 10
211 359 10
211 385 10
211 407 9
211 442 2
211 449 6
211 454 1
211 487 5
211 532 2
211 645 10
211 655 3
211 662 1
211 687 3
211 730 10
211 813 7
211 829 6
211 878 9
211 883 5
211 993 2
211 997 2
212 215 5
212 271 7
212 346 7
212 407 2
212 510 3
212 559 7
212 560 4
212 591 10
212 601 4
212 649 10
212 694 1
212 708 3
212 751 8
212 760 2
212 775 5
212 799 7
212 845 10
212 983 3
213 306 5
213 417 10
213 423 1
213 537 7
213 585 4
213 659 5
213 751 8
213 766 7
213 872 9
214 252 4
214 255 5
214 257 7
214 328 6
214 373 6
214 402 8
214 407 8
214 411 5
214 480 7
214 544 1
214 566 10
214 577 3
214 583 4
214 587 5
214 601 10
214 636 10
214 682 8
214 746 2
214 747 8
214 930 9
214 932 4
214 957 6
214 996 8
215 348 10
215 506 1
215 749 1
215 944 5
215 962 7
216 257 9
216 271 8
216 313 1
216 383 6
216 474 3
216 500 8
216 597 9
216 634 8
216 655 9
216 703 5
216 737 8
216 810 4
216 830 2
216 859 7
216 867 1
216 882 9
216 896 4
216 946 3
217 218 3
217 237 1
217 529 10
217 538 3
217 667 5
217 731 10
217 859 7
217 937 4
217 955 3
218 255 2
218 262 1
218 308 7
218 357 10
218 401 7
218 483 4
218 492 8
218 498 4
218 503 8
218 571 2
218 588 2
218 674 7
218 684 10
218 797 3
218 798 1
218 799 2
218 818 4
218 841 4
218 844 4
218 915 7
218 943 8
219 457 6
219 628 1
219 651 5
219 729 4
219 732 3
219 743 8
219 859 5
219 861 5
219 930 8
219 993 10
220 262 6
220 265 1
220 274 1
220 339 4
220 348 5
220 376 1
220 389 3
220 394 6
220 398 1
220 437 10
220 439 3
220 586 10
220 590 4
220 648 3
220 653 4
220 673 7
220 729 2
220 756 3
220 786 10
220 817 1
220 874 7
220 882 2
220 904 1
220 919 3
221 244 10
221 267 5
221 330 7
221 363 10
221 396 8
221 398 3
221 464 5
221 492 10
221 603 2
221 669 4
221 690 7
221 693 3
221 698 2
221 728 8
221 744 1
221 799 1
221 808 5
221 829 8
221 834 3
221 838 9
221 857 4
221 860 2
221 868 6
221 919 4
221 944 2
221 954 5
221 960 2
222 262 6
222 310 1
222 511 4
222 572 9
222 664 5
222 787 10
222 789 1
222 833 3
222 910 1
223 248 3
223 275 2
223 285 7
223 374 3
223 563 10
223 585 9
223 610 4
223 646 7
223 669 9
223 674 7
223 694 5
223 753 9
223 777 1
223 831 5
223 948 1
223 998 6
224 271 3
224 292 7
224 371 3
224 407 9
224 429 9
224 440 5
224 467 9
224 629 2
224 670 5
224 712 1
224 721 3
224 769 4
224 821 5
224 830 10
224 848 5
224 861 2
224 902 9
224 936 10
224 949 10
225 404 9
225 504 6
225 547 5
225 552 8
225 560 7
225 601 10
225 654 2
225 742 8
226 239 2
226 361 10
226 435 10
226 458 10
226 464 7
226 502 10
226 659 5
226 759 8
226 774 5
226 801 9
226 887 6
226 893 3
227 228 4
227 295 7
227 300 8
227 408 7
227 423 4
227 476 3
227 543 10
227 545 5
227 571 8
227 590 5
227 592 4
227 604 5
227 611 4
227 628 8
227 669 2
227 684 2
227 701 6
227 740 8
227 751 2
227 780 5
227 830 8
227 841 1
227 895 6
227 933 10
227 993 6
228 303 4
228 482 10
228 530 7
229 238 8
229 271 9
229 424 8
229 484 8
229 532 4
229 656 4
229 663 2
230 266 1
230 303 8
230 358 9
230 420 1
230 429 4
230 435 8
230 494 1
230 498 6
230 566 7
230 587 5
230 640 10
230 658 7
230 696 4
230 725 8
230 729 8
230 760 6
230 765 10
230 819 5
230 824 6
230 858 6
230 989 1
230 996 9
231 235 10
231 308 2
231 367 9
231 380 1
231 392 4
231 425 6
231 427 9
231 466 10
231 503 8
231 574 4
231 670 8
231 687 2
231 698 1
231 780 7
231 825 2
231 840 2
231 843 4
232 251 8
232 279 2
232 375 7
232 432 9
232 472 1
232 476 5
232 641 5
232 705 6
232 759 9
232 946 1
233 245 9
233 253 8
233 294 5
233 383 6
233 413 8
233 435 1
233 455 5
233 504 5
233 578 6
233 587 5
233 613 4
233 672 3
233 734 7
233 756 6
233 850 7
233 863 4
233 919 4
233 961 4
234 251 1
234 254 7
234 259 1
234 267 7
234 363 9
234 366 3
234 498 5
234 501 3
234 519 2
234 640 7
234 651 5
234 677 9
234 678 8
234 685 9
234 710 4
234 830 6
234 854 6
234 891 10
235 267 10
235 377 8
235 390 3
235 479 6
235 499 9
235 546 6
235 567 5
235 575 10
235 608 10
235 696 9
235 726 1
235 993 6
236 364 1
236 444 3
236 468 1
236 489 4
236 492 3
236 512 2
236 519 10
236 550 8
236 556 10
236 570 5
236 591 9
236 698 5
236 861 2
236 863 8
236 883 3
236 897 3
236 904 4
236 923 4
236 965 4
236 999 2
237 248 6
237 250 1
237 251 9
237 275 3
237 293 1
237 384 10
237 401 8
237 457 8
237 468 7
237 559 8
237 616 5
237 639 9
237 674 6
237 749 8
237 756 9
237 771 8
237 830 6
237 854 9
237 973 2
237 976 7
237 981 4
238 242 4
238 367 4
238 431 9
238 466 9
238 494 7
238 512 4
238 555 2
238 608 1
238 660 8
238 790 5
238 804 1
238 884 1
239 384 8
239 458 2
239 519 4
239 678 6
239 711 1
239 786 8
239 934 1
239 993 3
240 294 7
240 327 4
240 391 5
240 413 6
240 493 5
240 537 7
240 605 9
240 646 8
240 655 4
240 965 9
240 975 9
240 991 5
241 250 9
241 294 8
241 295 5
241 309 2
241 332 7
241 350 10
241 502 3
241 517 4
241 550 10
241 591 10
241 640 8
241 643 3
241 651 3
241 730 8
241 764 5
241 864 2
241 916 2
241 946 6
241 954 10
241 959 3
241 973 6
242 281 4
242 388 10
242 403 1
242 445 9
242 548 1
242 605 9
242 714 4
242 824 5
242 826 1
242 907 10
242 956 6
242 983 5
243 364 6
243 471 4
243 500 6
243 552 6
243 573 1
243 575 6
243 600 6
243 607 2
243 652 8
243 678 3
243 682 10
243 802 3
243 882 3
243 908 7
243 913 1
243 943 2
243 960 2
244 404 1
244 423 10
244 551 10
244 593 7
244 601 10
244 651 8
244 693 5
244 729 3
244 730 10
244 775 4
244 800 10
244 907 7
244 926 2
244 933 1
244 938 3
244 973 10
245 256 10
245 275 9
245 386 5
245 416 5
245 428 9
245 434 9
245 441 3
245 454 1
245 474 9
245 569 6
245 730 5
245 731 4
245 773 10
245 814 4
245 826 9
245 890 5
245 966 4
246 351 4
246 696 9
246 928 7
246 969 3
247 254 7
247 262 2
247 305 6
247 313 9
247 335 9
247 371 3
247 372 3
247 509 1
247 550 6
247 604 9
247 677 9
247 706 8
247 740 7
247 746 6
247 777 7
247 789 2
247 908 8
247 941 3
247 978 7
248 251 10
248 257 4
248 313 2
248 340 1
248 449 4
248 470 1
248 515 3
248 530 9
248 603 10
248 621 2
248 627 5
248 657 3
248 712 1
248 846 5
248 870 9
248 956 10
248 977 6
248 982 6
249 293 6
249 332 1
249 342 6
249 386 3
249 399 2
249 406 1
249 469 10
249 492 6
249 506 7
249 547 2
249 611 6
249 645 6
249 709 10
249 716 4
249 723 5
249 868 9
249 952 8
249 982 1
250 274 10
250 339 7
250 465 1
250 555 9
250 568 6
250 594 10
250 601 1
250 602 1
250 636 8
250 708 7
250 882 7
250 907 5
250 908 10
250 951 9
250 989 8
251 260 4
251 333 4
251 359 4
251 363 5
251 414 6
251 449 2
251 465 6
251 496 3
251 516 10
251 657 7
251 696 10
251 755 10
251 815 5
251 828 2
251 830 9
251 847 9
251 916 8
251 967 7
252 258 5
252 356 4
252 380 5
252 440 1
252 456 6
252 530 6
252 586 9
252 615 10
252 706 3
252 755 5
252 929 1
253 282 5
253 366 6
253 375 5
253 412 9
253 416 7
253 429 7
253 473 4
253 499 4
253 526 8
253 531 5
253 573 9
253 612 1
253 618 5
253 631 10
253 747 4
253 777 4
253 843 8
253 857 9
253 932 1
253 957 1
253 959 8
253 982 6
254 256 9
254 403 5
254 464 4
254 466 9
254 582 6
254 648 9
254 651 9
254 711 2
254 769 6
254 788 4
254 873 9
254 942 7
254 944 4
254 954 10
254 957 2
255 271 4
255 278 3
255 366 3
255 384 8
255 392 7
255 401 6
255 403 3
255 404 3
255 514 4
255 520 8
255 547 10
255 548 4
255 555 6
255 654 5
255 701 1
255 771 9
255 785 3
255 834 2
255 866 9
255 924 1
255 959 6
255 984 8
255 996 9
256 321 8
256 346 5
256 493 3
256 512 10
256 718 5
256 741 6
256 809 6
256 862 2
256 863 8
256 928 8
257 267 5
257 300 7
257 349 9
257 356 8
257 361 9
257 424 9
257 454 3
257 477 6
257 480 5
257 502 2
257 530 5
257 550 9
257 560 5
257 563 5
257 615 8
257 683 6
257 741 7
257 766 9
257 836 8
257 858 7
257 867 8
257 975 6
258 349 8
258 488 7
258 528 9
258 574 9
258 651 8
258 694 8
258 709 1
258 717 5
258 747 1
258 787 1
258 883 7
258 942 9
258 985 6
258 994 6
259 273 9
259 330 1
259 337 9
259 391 9
259 424 9
259 453 5
259 522 10
259 545 1
259 559 7
259 577 10
259 610 10
259 674 10
259 706 5
259 765 1
259 768 8
259 879 10
259 991 8
260 302 9
260 308 2
260 354 10
260 395 1
260 397 6
260 419 6
260 508 7
260 518 4
260 541 3
260 673 1
260 767 1
260 780 4
260 783 2
260 803 6
260 807 6
260 865 6
260 911 3
260 944 1
260 967 2
260 980 10
260 982 9
260 991 5
261 273 7
261 401 9
261 585 5
261 677 2
261 685 10
261 704 9
261 847 7
261 870 4
261 912 5
261 926 4
261 997 8
262 308 7
262 317 7
262 321 7
262 345 1
262 407 8
262 421 2
262 487 6
262 548 9
262 597 3
262 665 6
262 833 3
262 869 1
262 993 8
263 277 6
263 337 3
263 341 3
263 342 9
263 384 9
263 389 3
263 409 10
263 459 7
263 521 8
263 534 9
263 605 7
263 639 6
263 688 5
263 704 5
263 723 5
263 858 2
263 871 8
263 883 5
263 912 7
263 932 8
263 958 6
263 984 6
264 392 1
264 556 8
264 606 6
264 612 6
264 643 6
264 685 6
264 756 4
264 989 7
265 430 1
265 434 9
265 437 10
265 450 6
265 490 5
265 626 6
265 636 6
265 709 8
265 794 10
266 307 5
266 368 8
266 373 10
266 376 10
266 591 9
266 602 3
266 651 9
266 655 3
266 779 5
266 910 5
267 272 5
267 302 2
267 404 2
267 498 8
267 504 5
267 540 3
267 744 9
267 808 2
267 815 6
267 875 7
267 905 8
267 920 5
267 945 10
268 293 3
268 315 10
268 327 9
268 364 6
268 368 7
268 604 7
268 609 2
268 849 7
268 884 2
268 893 10
269 433 1
269 477 1
269 547 8
269 615 5
269 643 6
269 650 4
269 691 1
269 735 5
269 860 3
269 883 6
269 941 8
269 969 5
269 997 8
270 376 9
270 472 6
270 521 1
270 530 1
270 707 5
270 710 6
270 717 8
270 729 9
270 738 5
270 794 4
270 915 8
270 960 5
271 307 5
271 326 9
271 344 5
271 492 8
271 537 4
271 638 5
271 676 9
271 747 4
271 772 1
271 777 6
271 789 2
271 792 8
271 834 2
271 926 3
271 982 5
272 304 5
272 359 10
272 403 5
272 453 5
272 580 4
272 593 7
272 603 7
272 618 10
272 626 1
272 656 1
272 713 3
272 781 2
272 793 1
272 841 1
272 931 4
272 943 4
272 945 2
272 959 7
273 338 8
273 560 4
273 586 6
273 600 5
273 729 6
273 734 4
273 841 10
273 909 2
273 932 1
274 302 7
274 325 9
274 335 4
274 381 5
274 394 3
274 423 7
274 437 5
274 442 10
274 502 10
274 524 6
274 586 1
274 703 1
274 719 10
274 748 10
274 750 10
274 777 2
274 822 2
274 843 4
274 884 3
274 892 2
274 939 9
274 943 5
274 947 4
275 377 7
275 409 8
275 437 9
275 454 6
275 457 5
275 466 3
275 520 5
275 600 8
275 620 8
275 634 6
275 636 9
275 658 4
275 755 7
275 762 5
275 859 3
275 864 4
275 882 1
275 913 8
275 977 5
275 982 3
276 339 5
276 425 6
276 430 9
276 502 4
276 585 8
276 616 6
276 646 9
276 700 10
276 713 8
276 721 9
276 839 10
276 843 9
276 882 7
276 926 8
276 981 8
276 983 7
277 289 4
277 307 1
277 330 1
277 345 5
277 367 6
277 505 3
277 637 7
277 775 8
277 827 4
278 463 1
278 575 2
278 667 7
278 674 6
278 756 1
278 771 9
278 817 10
278 914 9
278 920 3
279 405 3
279 556 10
279 577 10
279 582 3
279 591 2
279 617 7
279 627 2
279 723 3
279 909 10
280 285 3
280 368 5
280 426 8
280 492 8
280 495 2
280 520 1
280 524 7
280 551 3
280 561 10
280 620 2
280 626 6
280 721 6
280 746 7
280 822 6
280 914 1
280 955 1
280 973 1
280 993 8
281 576 7
281 587 9
281 681 9
281 729 10
281 762 7
282 293 9
282 526 4
282 579 5
282 656 8
282 687 10
282 813 10
282 848 2
282 857 7
282 901 5
282 981 8
283 315 9
283 928 8
283 985 8
284 316 8
284 372 6
284 461 2
284 464 5
284 485 1
284 486 9
284 551 3
284 553 5
284 595 8
284 629 6
284 644 5
284 679 1
284 695 4
284 736 7
284 828 8
284 886 6
285 333 1
285 375 9
285 450 1
285 468 8
285 482 8
285 565 3
285 587 3
285 613 3
285 654 9
285 660 7
285 661 1
285 689 2
285 757 7
285 933 7
286 289 8
286 311 8
286 333 3
286 409 4
286 416 9
286 463 8
286 540 9
286 567 3
286 607 10
286 692 3
286 785 5
286 805 4
286 924 9
286 940 6
286 952 6
286 997 3
287 320 4
287 327 2
287 333 8
287 442 2
287 490 10
287 493 6
287 504 1
287 547 1
287 588 7
287 592 6
287 610 3
287 672 8
287 683 5
287 731 2
287 772 9
287 871 3
287 924 8
287 954 5
287 988 1
288 435 4
288 451 8
288 454 6
288 463 10
288 487 5
288 637 5
288 653 3
288 655 1
288 822 9
288 894 10
288 938 8
288 950 7
288 986 2
289 341 9
289 397 2
289 398 6
289 528 1
289 538 7
289 615 3
289 623 7
289 715 1
289 963 1
290 348 10
290 407 10
290 414 5
290 437 8
290 561 3
290 598 7
290 622 6
290 655 2
290 673 10
290 680 9
290 711 3
290 731 1
290 754 3
290 828 3
290 890 6
290 894 3
290 907 7
290 954 5
290 983 7
291 293 1
291 318 8
291 333 6
291 372 4
291 391 7
291 410 1
291 593 9
291 628 5
291 670 9
291 693 2
291 858 6
291 896 5
291 915 3
291 922 7
291 990 5
292 300 2
292 390 3
292 508 4
292 564 3
292 662 1
292 799 1
292 830 1
292 879 6
292 903 5
292 960 5
293 336 8
293 387 10
293 504 8
293 587 4
293 619 10
293 673 6
293 832 8
293 884 2
293 905 5
293 906 9
293 996 9
294 333 7
294 359 10
294 469 9
294 485 2
294 493 5
294 524 10
294 588 6
294 629 3
294 646 6
294 665 1
294 683 4
294 691 5
294 703 1
294 734 7
294 768 9
294 891 10
295 392 3
295 478 5
295 662 8
295 690 5
295 717 5
295 776 8
295 783 3
295 955 2
295 968 3
296 331 9
296 351 8
296 399 6
296 422 1
296 431 2
296 487 7
296 546 3
296 628 10
296 655 3
296 877 6
297 329 5
297 345 9
297 371 3
297 398 5
297 416 3
297 547 4
297 593 8
297 672 5
297 685 5
297 741 9
297 775 1
297 799 10
297 880 1
297 958 6
297 972 10
297 982 2
298 439 5
298 696 5
298 766 6
298 775 4
298 816 1
298 973 1
299 301 9
299 333 6
299 358 2
299 368 8
299 392 5
299 560 7
299 604 5
299 617 9
299 659 6
299 672 2
299 727 4
299 760 10
299 814 9
299 877 10
299 958 3
300 341 3
300 523 3
300 573 2
300 639 3
300 800 7
300 872 2
300 929 4
300 945 3
300 999 5
301 331 2
301 342 6
301 430 8
301 437 7
301 457 10
301 478 9
301 512 3
301 525 3
301 727 8
302 452 6
302 476 3
302 517 9
303 304 9
303 356 4
303 365 9
303 492 2
303 525 8
303 546 10
303 569 1
303 579 6
303 599 4
303 638 8
303 678 7
304 331 2
304 346 1
304 357 5
304 373 3
304 431 4
304 435 6
304 440 5
304 446 7
304 482 2
304 485 10
304 513 3
304 518 6
304 573 3
304 630 10
304 632 9
304 753 4
304 812 2
304 939 9
304 946 5
304 954 4
305 309 4
305 311 10
305 366 3
305 451 2
305 467 10
305 513 9
305 538 3
305 566 10
305 722 8
305 771 1
305 775 2
305 788 1
305 815 3
305 939 2
305 956 7
305 982 2
306 325 4
306 329 5
306 330 10
306 345 5
306 346 10
306 407 10
306 409 1
306 411 4
306 454 9
306 565 9
306 568 1
306 672 6
306 729 7
306 917 9
306 934 10
306 962 8
306 969 6
306 971 7
306 984 3
307 346 8
307 532 9
307 547 2
307 605 5
307 609 8
307 712 1
307 766 5
307 858 7
307 877 9
307 879 5
308 352 3
308 399 7
308 426 1
308 435 1
308 457 4
308 462 5
308 560 8
308 598 8
308 617 5
308 716 5
308 774 10
308 780 5
308 846 6
308 875 4
308 980 4
309 387 7
309 438 3
309 455 9
309 528 10
309 551 2
309 587 7
309 642 7
309 652 6
309 658 3
309 676 8
309 703 8
309 751 7
309 788 7
309 808 1
309 847 1
309 894 5
309 925 9
310 312 6
310 380 10
310 422 1
310 425 5
310 478 3
310 500 2
310 513 8
310 519 4
310 574 9
310 593 3
310 629 5
310 670 2
310 714 7
310 737 5
310 756 2
310 815 5
310 889 5
310 926 7
310 953 9
310 971 9
311 363 9
311 391 9
311 446 5
311 507 3
311 517 1
311 545 10
311 580 7
311 657 3
311 674 7
311 687 8
311 714 10
311 724 4
311 758 1
311 804 7
311 865 9
311 954 8
312 321 8
312 338 2
312 349 3
312 409 6
312 498 10
312 595 9
312 611 5
312 624 9
312 727 9
312 804 2
312 853 4
312 859 7
312 865 7
312 874 2
312 936 8
312 976 9
312 984 3
313 326 7
313 328 1
313 384 1
313 466 5
313 566 6
313 640 6
313 693 5
313 781 3
313 838 4
314 321 9
314 367 10
314 381 8
314 382 2
314 391 1
314 435 5
314 600 2
314 724 7
314 779 1
314 824 4
314 897 6
314 909 5
314 914 5
314 931 3
314 942 3
314 962 10
315 527 4
315 538 4
315 564 8
315 721 6
315 730 3
315 789 4
315 955 2
316 352 2
316 388 10
316 433 1
316 439 7
316 464 9
316 492 7
316 513 2
316 574 3
316 611 10
316 644 2
316 687 7
316 728 8
316 774 2
316 838 4
316 866 4
316 959 3
317 457 4
317 521 6
317 552 6
317 620 7
317 647 1
317 648 1
317 683 7
317 709 2
317 733 7
317 875 6
317 930 4
318 351 3
318 384 9
318 414 2
318 449 4
318 506 9
318 586 9
318 595 4
318 684 6
318 717 3
318 735 1
318 744 2
318 764 2
318 771 2
318 790 4
318 808 1
318 817 8
318 823 2
318 892 5
318 965 7
318 967 5
319 377 6
319 386 3
319 430 8
319 520 9
319 559 1
319 696 8
319 708 2
319 756 6
319 762 4
319 889 8
319 905 4
319 936 3
319 952 1
319 976 9
320 365 4
320 465 3
320 594 8
320 725 1
320 742 2
320 754 1
320 756 6
320 795 6
320 809 8
320 844 10
320 858 6
320 962 1
320 988 1
320 989 2
321 364 5
321 444 5
321 498 5
321 511 5
321 573 3
321 618 10
321 663 7
321 676 4
321 685 2
321 694 8
321 701 4
321 763 10
321 822 7
321 827 4
321 883 1
321 886 2
321 905 5
321 917 2
322 377 1
322 421 10
322 434 8
322 490 7
322 537 9
322 594 5
322 633 7
322 660 6
322 709 3
322 716 1
322 725 9
322 762 4
322 784 5
322 816 10
322 851 10
323 392 2
323 397 2
323 434 1
323 445 3
323 452 10
323 471 1
323 505 7
323 525 3
323 631 8
323 640 5
323 674 7
323 691 2
323 717 3
323 813 5
323 911 7
324 597 1
324 603 2
324 615 10
324 658 3
324 729 9
324 834 7
324 850 10
324 960 5
324 966 1
325 465 8
325 491 5
325 580 10
325 592 5
325 694 3
325 762 2
325 876 3
325 906 5
326 348 7
326 355 7
326 385 6
326 391 9
326 416 6
326 428 6
326 431 5
326 457 2
326 489 2
326 491 10
326 508 6
326 515 1
326 524 8
326 600 7
326 659 2
326 708 4
326 763 9
326 822 6
326 921 3
326 950 9
326 987 10
327 448 6
327 499 6
327 591 6
327 716 6
327 768 9
327 821 8
327 917 7
328 348 6
328 368 10
328 489 6
328 594 7
328 606 2
328 619 8
328 655 10
328 674 2
328 706 5
328 774 10
328 782 1
328 800 6
329 435 4
329 477 7
329 481 8
329 567 5
329 586 2
329 612 4
329 638 6
329 640 7
329 642 9
329 658 4
329 670 3
329 690 6
329 778 3
329 810 4
329 818 2
329 841 1
329 856 5
329 912 8
329 980 7
330 347 2
330 380 9
330 423 10
330 449 7
330 518 4
330 613 6
330 741 4
330 951 4
330 960 1
330 979 6
331 363 6
331 396 10
331 410 3
331 548 5
331 606 7
331 615 3
331 616 4
331 630 2
331 656 3
331 670 3
331 791 1
331 830 7
331 867 1
331 901 1
331 902 10
331 989 6
332 395 8
332 455 8
332 476 5
332 531 7
332 575 2
332 576 10
332 600 8
332 603 9
332 630 2
332 656 2
332 788 1
332 801 8
332 895 10
332 959 4
333 344 5
333 363 1
333 463 5
333 464 1
333 474 8
333 487 8
333 529 8
333 563 2
333 582 5
333 616 3
333 642 4
333 643 2
333 751 9
333 756 2
333 777 10
333 805 3
333 824 7
333 839 8
333 850 4
333 900 2
333 911 4
333 931 3
333 936 9
333 978 9
334 357 1
334 475 5
334 571 4
334 604 4
334 613 6
334 678 2
334 729 4
334 759 1
334 880 8
334 923 7
334 937 4
334 964 6
334 969 2
335 347 4
335 436 7
335 440 5
335 443 7
335 446 3
335 462 1
335 485 7
335 532 7
335 548 1
335 558 8
335 626 6
335 652 3
335 659 8
335 724 6
335 758 8
335 781 1
335 821 10
335 846 3
335 855 5
335 858 5
335 885 8
335 910 4
335 929 6
335 972 7
335 983 4
336 353 1
336 383 3
336 390 3
336 453 4
336 607 9
336 702 8
336 737 9
337 376 8
337 406 7
337 408 1
337 413 3
337 429 7
337 440 6
337 594 9
337 635 8
337 690 10
337 733 9
337 807 1
337 825 5
337 847 10
337 890 10
337 919 9
337 928 9
337 978 6
338 355 9
338 360 9
338 402 4
338 441 7
338 497 6
338 518 6
338 557 5
338 607 4
338 640 4
338 683 8
338 696 8
338 701 6
338 712 10
339 365 1
339 421 4
339 432 7
339 526 3
339 536 8
339 542 5
339 568 8
339 650 10
339 740 8
339 785 6
339 921 3
339 935 2
339 936 2
339 963 7
340 355 2
340 401 3
340 406 5
340 418 3
340 431 2
340 470 7
340 471 9
340 558 6
340 622 9
340 687 3
340 729 1
340 751 9
340 771 4
340 780 5
340 789 2
340 836 3
340 915 10
340 916 2
340 993 3
341 426 3
341 491 10
341 555 10
341 558 2
341 577 2
341 587 9
341 591 3
341 629 3
341 657 3
341 661 5
341 703 5
341 717 5
341 742 7
341 754 2
341 827 7
341 886 5
341 952 5
341 955 1
341 987 5
342 410 3
342 443 2
342 448 4
342 487 2
342 494 7
342 624 2
342 675 4
342 686 2
342 715 7
342 718 1
342 789 9
342 795 5
342 941 8
342 958 7
342 974 3
342 975 8
343 563 6
343 631 7
343 681 1
343 773 9
343 817 8
344 378 3
344 410 5
344 436 2
344 454 6
344 498 8
344 502 5
344 517 6
344 535 5
344 612 1
344 629 4
344 673 8
344 727 3
344 771 4
344 810 3
344 830 1
344 838 6
344 918 9
344 919 9
344 973 3
345 351 6
345 381 4
345 547 9
345 554 2
345 594 8
345 619 7
345 643 10
345 668 2
345 789 8
345 798 1
345 806 6
345 822 7
345 878 9
345 880 8
345 902 6
345 912 10
345 983 7
345 993 4
346 467 8
346 515 8
346 534 5
346 537 9
346 702 1
346 861 1
346 868 8
346 873 1
346 979 3
347 518 5
347 559 9
347 569 1
347 575 4
347 583 9
347 612 8
347 613 10
347 650 10
347 723 6
347 762 8
347 775 8
347 847 8
347 872 4
347 970 1
348 372 4
348 377 3
348 401 5
348 410 10
348 473 8
348 484 9
348 498 1
348 512 6
348 570 7
348 603 1
348 628 7
348 639 10
348 680 7
348 684 3
348 685 1
348 706 7
348 775 3
348 846 7
348 885 2
349 502 10
349 505 10
349 545 4
349 566 4
349 591 9
349 625 8
349 655 5
349 670 5
349 785 7
349 912 4
349 918 10
349 980 5
350 380 2
350 482 6
350 527 5
350 588 10
350 600 9
350 626 6
350 633 6
350 647 7
350 773 7
350 900 8
350 955 6
351 383 7
351 401 5
351 473 4
351 564 4
351 587 9
351 603 10
351 730 9
351 810 4
351 849 3
351 856 9
351 886 8
351 941 4
351 958 8
351 981 2
352 472 3
352 593 3
352 602 9
352 652 6
352 657 2
352 680 4
352 776 3
352 844 3
352 959 4
353 394 1
353 462 2
353 486 1
353 595 5
353 706 5
353 746 5
353 747 5
353 891 10
353 945 8
354 418 10
354 513 7
354 524 1
354 548 9
354 577 5
354 635 1
354 686 7
354 786 5
354 797 8
354 801 4
354 986 4
355 365 8
355 388 8
355 418 3
355 778 4
355 785 7
355 897 5
355 994 3
356 365 9
356 375 6
356 383 4
356 525 6
356 548 8
356 563 10
356 567 10
356 692 6
356 764 8
356 772 8
356 815 9
356 816 2
356 860 5
356 914 4
356 921 7
356 925 3
356 954 4
356 974 3
357 378 9
357 474 5
357 577 8
357 609 4
357 630 9
357 631 5
357 657 1
357 665 4
357 666 1
357 677 8
357 680 2
357 709 2
357 713 1
357 731 8
357 789 5
357 819 1
357 902 9
357 914 4
357 926 1
358 389 9
358 405 10
358 417 3
358 432 5
358 438 5
358 488 8
358 519 4
358 605 6
358 613 4
358 621 9
358 638 7
358 665 6
358 681 4
358 694 6
358 697 8
358 794 3
358 802 1
358 845 8
358 865 9
358 868 10
358 883 6
358 979 2
358 987 5
359 393 7
359 505 8
359 536 10
359 545 6
359 555 7
359 558 6
359 607 2
359 613 6
359 620 8
359 626 5
359 632 8
359 665 7
359 683 8
359 748 9
359 774 9
359 779 2
359 834 10
359 879 8
359 906 2
359 950 3
360 466 8
360 538 1
360 591 7
360 627 10
360 642 10
360 690 7
360 714 6
360 726 10
360 817 10
360 882 9
360 935 2
360 975 2
361 394 8
361 428 2
361 618 6
361 709 8
361 951 8
361 959 6
361 986 2
362 427 5
362 526 6
362 551 10
362 560 7
362 657 5
362 703 1
362 714 4
362 789 2
362 834 4
362 852 6
362 908 3
363 739 7
363 875 8
363 986 9
364 386 9
364 400 9
364 430 6
364 473 2
364 771 7
364 795 4
364 879 10
365 442 6
365 450 4
365 478 6
365 507 1
365 530 8
365 702 1
365 825 1
365 826 5
366 385 1
366 402 3
366 419 3
366 517 8
366 579 10
366 608 1
366 653 8
366 720 4
366 785 3
366 879 7
367 405 1
367 440 3
367 503 8
367 524 3
367 533 10
367 538 9
367 566 1
367 571 4
367 710 8
367 727 5
367 764 3
367 769 2
367 777 3
367 814 1
367 827 10
367 846 8
367 912 10
367 953 9
367 973 2
368 376 8
368 455 3
368 501 8
368 559 8
368 596 2
368 668 7
368 682 5
368 706 10
368 778 9
368 990 6
369 421 7
369 510 2
369 544 3
369 595 7
369 632 1
369 659 10
369 700 9
369 724 4
369 733 2
369 816 8
369 854 9
369 857 9
369 953 2
369 977 1
369 990 7
370 425 4
370 460 7
370 470 7
370 533 4
370 580 1
370 631 6
370 789 7
370 862 1
370 902 1
370 915 2
370 959 8
371 377 1
371 379 1
371 405 9
371 440 6
371 546 8
371 568 3
371 580 6
371 633 5
371 635 4
371 770 1
371 850 8
371 862 3
371 875 9
371 928 2
371 956 3
371 964 1
371 981 6
372 486 8
372 500 6
372 559 4
372 642 2
372 668 7
372 728 7
372 822 5
372 852 1
372 927 10
373 385 8
373 443 3
373 475 2
373 507 5
373 580 2
373 737 2
373 781 1
373 825 5
373 847 4
373 956 7
374 426 10
374 452 6
374 494 7
374 510 2
374 513 9
374 543 4
374 551 9
374 563 10
374 597 7
374 676 6
374 694 7
374 714 6
374 728 8
374 742 2
374 754 6
374 779 10
374 798 5
374 874 3
374 973 8
374 984 7
375 383 3
375 386 7
375 446 8
375 471 4
375 473 5
375 505 5
375 584 5
375 586 2
375 614 8
375 662 1
375 666 7
375 682 3
375 693 10
375 696 5
375 715 1
375 734 3
375 741 7
375 758 2
375 776 6
375 821 5
375 828 9
375 875 2
375 960 1
375 971 8
376 410 7
376 438 2
376 453 10
376 536 4
376 565 1
376 637 10
376 672 7
377 390 6
377 431 8
377 435 7
377 495 5
377 515 10
377 540 6
377 574 10
377 623 9
377 739 9
377 743 1
377 781 2
377 815 10
377 902 9
377 963 9
377 976 3
377 979 8
378 451 10
378 502 6
378 551 9
378 605 7
378 683 1
378 781 9
378 783 5
378 871 7
378 883 1
379 472 9
379 495 6
379 512 2
379 525 3
379 526 6
379 528 4
379 535 7
379 564 6
379 670 7
379 905 3
379 939 7
380 464 5
380 520 5
380 524 1
380 530 6
380 597 3
380 613 7
380 632 5
380 800 6
380 809 7
380 901 5
380 917 1
381 539 10
381 571 10
381 679 10
381 853 7
382 537 1
382 598 5
382 796 6
382 803 7
382 863 1
382 866 4
382 883 3
382 908 2
382 922 6
382 929 4
382 986 2
383 428 9
383 463 4
383 470 10
383 472 7
383 566 7
383 597 1
383 647 9
383 788 7
383 810 10
383 903 4
383 943 4
383 944 7
384 468 4
384 489 7
384 495 3
384 580 8
384 600 10
384 637 1
384 648 3
384 734 2
384 750 9
384 781 4
384 784 1
384 831 9
384 840 6
384 841 1
384 896 4
384 897 2
384 933 6
384 963 9
384 974 5
384 982 6
385 391 5
385 410 7
385 456 2
385 484 5
385 524 1
385 574 9
385 605 2
385 621 10
385 797 10
385 821 4
385 848 2
385 858 2
385 907 7
386 391 6
386 417 3
386 453 10
386 493 5
386 523 10
386 550 5
386 621 3
386 783 6
386 806 6
386 809 8
386 938 5
387 485 10
387 492 4
387 494 3
387 567 7
387 663 9
387 680 2
387 692 2
387 796 7
387 814 3
387 852 9
387 882 10
387 895 3
387 964 5
388 406 5
388 460 2
388 496 10
388 533 4
388 623 5
388 629 6
388 645 3
388 651 8
388 665 6
388 677 7
388 727 7
388 734 4
388 769 4
388 813 4
388 863 1
388 923 3
388 932 9
388 972 2
389 456 7
389 466 6
389 487 7
389 540 6
389 558 5
389 661 8
389 675 6
389 789 10
389 839 1
389 859 5
389 980 3
390 397 1
390 433 10
390 461 6
390 478 10
390 497 2
390 577 1
390 596 10
390 681 3
390 703 3
390 762 7
390 824 2
390 877 4
390 894 9
390 933 2
391 457 7
391 481 9
391 548 4
391 701 3
391 706 2
391 793 2
391 797 4
391 817 4
391 870 5
391 873 4
391 971 10
392 414 3
392 433 4
392 436 4
392 590 3
392 643 9
392 646 9
392 710 6
392 729 2
392 761 3
392 855 4
392 870 6
392 962 3
392 989 8
393 403 10
393 406 10
393 506 6
393 521 2
393 595 1
393 644 7
393 699 2
393 747 5
393 762 1
393 770 2
393 788 7
393 873 9
393 956 7
394 520 3
394 542 10
394 556 5
394 616 7
394 783 9
394 847 5
394 871 9
394 880 4
395 411 8
395 443 7
395 463 6
395 577 9
395 642 10
395 661 5
395 690 3
395 805 3
395 976 4
396 414 5
396 744 6
396 838 3
396 947 7
396 974 6
397 585 6
397 604 10
397 690 3
398 415 8
398 423 3
398 430 3
398 438 8
398 491 6
398 590 2
398 602 6
398 607 6
398 659 5
398 709 8
398 730 3
398 876 9
399 505 2
399 569 8
399 665 4
399 727 8
399 879 7
399 942 3
400 502 2
400 565 1
400 717 7
400 747 5
400 934 7
400 943 9
401 423 6
401 460 2
401 476 10
401 495 5
401 540 10
401 603 5
401 716 7
401 733 9
401 745 4
401 804 5
401 817 8
401 878 5
401 931 1
402 427 3
402 640 1
402 777 3
402 951 8
402 965 10
402 976 4
402 986 2
402 993 1
403 633 3
403 657 3
403 706 8
403 710 4
403 809 4
403 897 9
403 964 8
403 988 8
404 423 5
404 556 4
404 587 3
404 591 10
404 693 5
404 792 9
404 903 7
405 414 9
405 450 8
405 526 7
405 531 9
405 713 6
405 844 4
405 990 7
406 482 9
406 515 10
406 553 8
406 603 8
406 617 3
406 651 7
406 674 5
406 680 1
406 889 1
406 919 9
406 967 2
407 519 3
407 547 7
407 549 10
407 567 6
407 580 9
407 595 5
407 599 4
407 657 4
407 672 9
407 696 4
407 713 4
407 743 5
407 750 7
407 785 2
407 817 7
407 835 6
407 892 1
407 933 5
407 983 9
408 483 5
408 492 1
408 512 2
408 591 9
408 614 1
408 635 4
408 682 6
408 720 7
408 766 10
408 811 4
408 884 4
408 899 1
408 945 1
408 954 7
409 468 7
409 759 4
409 767 2
409 864 1
409 892 9
409 906 1
409 943 7
409 948 8
409 994 5
410 472 3
410 562 1
410 608 1
410 613 1
410 669 7
410 726 8
410 796 1
410 821 6
410 828 5
410 946 7
410 978 4
411 415 7
411 419 8
411 453 10
411 515 5
411 526 9
411 643 8
411 645 9
411 768 7
411 877 6
411 931 9
411 955 3
411 987 10
412 437 7
412 460 1
412 471 6
412 512 8
412 566 4
412 588 4
412 757 9
412 797 4
412 936 10
412 994 8
413 450 2
413 470 9
413 575 10
413 679 6
413 875 4
413 964 4
414 439 5
414 509 2
414 534 6
414 617 6
414 670 5
414 708 3
414 709 6
414 716 8
414 727 10
414 812 9
414 825 7
414 844 4
414 912 10
414 995 8
415 518 9
415 604 4
415 716 7
415 730 1
415 762 6
415 813 6
415 842 4
416 417 10
416 453 3
416 464 6
416 573 3
416 601 4
416 603 9
416 624 2
416 641 10
416 660 9
416 674 10
416 700 8
416 742 9
416 792 5
417 465 10
417 520 6
417 542 3
417 573 10
417 580 6
417 828 8
417 893 5
417 922 6
417 975 3
418 431 3
418 478 3
418 486 5
418 509 1
418 569 1
418 588 8
418 724 9
418 750 6
418 782 4
418 784 10
418 877 9
418 901 9
418 933 2
419 600 5
419 605 4
419 652 1
419 718 4
419 723 4
419 797 2
419 837 10
419 851 3
419 931 4
419 939 1
419 941 3
420 431 4
420 453 8
420 527 8
420 776 10
420 816 4
420 823 10
420 893 3
420 904 8
420 925 10
420 926 7
420 981 8
421 506 6
421 650 7
421 836 10
421 912 10
422 489 3
422 495 10
422 517 7
422 585 7
422 661 7
422 685 5
422 851 5
422 884 10
423 508 3
423 639 2
423 741 8
423 747 9
423 749 7
423 777 10
423 825 5
423 967 2
423 987 7
424 465 3
424 586 7
424 644 9
424 687 8
424 702 4
424 748 8
424 907 7
424 933 6
425 432 10
425 523 7
425 536 7
425 547 5
425 572 2
425 954 4
425 972 6
426 505 9
426 593 8
426 997 3
427 454 6
427 458 2
427 492 3
427 524 3
427 556 9
427 783 1
427 792 6
427 885 10
428 465 7
428 536 7
428 613 9
428 656 5
428 699 2
428 809 5
428 853 4
428 962 7
428 972 7
428 988 10
428 994 10
429 661 2
429 681 1
429 714 10
429 734 3
429 747 1
429 814 10
429 819 3
429 824 5
429 839 5
429 976 3
430 481 5
430 484 6
430 546 1
430 567 3
430 640 10
430 646 8
430 649 4
430 771 8
430 801 2
430 856 5
430 860 8
430 865 7
431 531 7
431 538 2
431 557 8
431 593 1
431 662 7
431 707 2
431 725 8
431 756 8
431 769 1
431 784 9
431 809 6
431 831 8
431 856 8
431 911 2
431 916 8
431 944 5
431 992 8
432 434 6
432 480 9
432 500 10
432 511 10
432 598 3
432 693 3
432 697 7
432 803 10
432 817 8
432 832 3
432 848 10
432 854 10
432 873 1
432 894 5
432 973 6
433 442 6
433 508 8
433 523 9
433 539 8
433 570 2
433 684 2
433 710 7
433 764 8
433 811 10
433 841 10
433 862 4
433 887 2
433 949 1
434 441 1
434 453 7
434 523 4
434 526 4
434 539 4
434 569 10
434 635 7
434 637 1
434 646 3
434 656 3
434 693 2
434 695 3
434 723 4
434 788 6
434 932 3
434 951 7
435 520 1
435 550 7
435 580 1
435 766 6
435 883 8
435 889 7
436 523 10
436 526 5
436 716 5
436 730 4
436 825 2
436 852 3
436 929 4
436 939 8
436 957 6
436 983 1
437 468 6
437 512 1
437 527 2
437 531 10
437 580 3
437 670 6
437 740 6
437 828 10
437 865 8
437 884 1
437 927 3
437 931 1
437 948 7
437 954 5
437 981 9
438 459 4
438 462 9
438 464 8
438 567 3
438 579 7
438 582 4
438 657 2
438 665 8
438 805 5
438 806 9
438 820 4
438 852 2
438 907 1
438 941 7
438 954 3
438 992 4
439 473 5
439 610 5
439 632 7
439 659 4
439 672 6
439 770 2
439 812 1
439 856 10
439 913 7
439 967 1
439 968 7
440 522 10
440 528 3
440 551 1
440 578 7
440 585 1
440 615 6
440 637 3
440 651 7
440 659 8
440 760 9
440 776 2
440 862 4
440 872 5
440 951 7
440 964 2
440 992 8
441 480 9
441 546 9
441 552 8
441 559 4
441 585 9
441 607 1
441 645 6
441 651 10
441 656 1
441 713 10
441 776 4
441 836 9
441 924 4
441 942 2
441 954 7
441 956 3
442 482 8
442 581 5
442 640 7
442 665 8
442 736 7
442 781 9
442 849 9
442 862 5
442 906 3
442 957 10
442 991 3
443 461 6
443 466 4
443 535 5
443 585 2
443 600 3
443 644 7
443 645 7
443 709 6
443 783 1
443 814 9
443 841 10
443 907 8
444 470 10
444 496 5
444 628 4
444 654 3
444 797 10
444 808 6
444 826 4
444 867 5
444 947 3
444 971 2
445 457 5
445 511 10
445 680 6
445 830 2
445 858 3
445 879 3
445 888 8
445 944 4
446 501 2
446 552 5
446 577 4
446 626 9
446 644 4
446 738 8
446 770 3
446 805 1
446 893 6
446 949 2
446 980 9
447 551 8
447 606 10
447 694 6
447 700 5
447 789 2
447 798 2
447 833 5
447 908 8
447 910 7
447 956 3
448 460 7
448 490 4
448 497 5
448 532 4
448 573 3
448 641 1
448 687 3
448 835 7
448 836 3
448 900 4
448 923 6
448 964 8
448 990 8
449 491 4
449 550 6
449 628 3
449 635 8
449 641 7
449 738 4
449 746 3
449 839 8
449 854 10
449 858 6
449 895 6
450 511 9
450 523 3
450 526 5
450 534 10
450 547 7
450 552 10
450 601 6
450 658 3
450 686 7
450 697 5
450 768 9
450 777 2
450 804 7
450 832 3
450 855 8
450 876 5
450 897 8
450 917 5
450 958 3
450 980 10
450 994 10
451 460 8
451 529 5
451 584 4
451 586 3
451 781 5
451 803 10
451 886 7
451 942 5
452 594 4
452 640 1
452 658 9
452 747 1
452 816 9
452 817 5
452 820 7
452 858 8
452 864 7
452 962 3
453 489 3
453 526 1
453 531 3
453 550 5
453 552 10
453 566 4
453 693 5
453 698 1
453 788 4
453 801 6
453 861 3
453 871 3
453 894 4
453 924 4
453 927 1
454 526 1
454 627 4
454 636 7
454 708 10
454 718 8
454 721 5
454 731 8
454 811 10
454 821 2
454 824 4
454 917 8
455 463 1
455 469 7
455 601 3
455 652 8
455 783 5
455 825 6
455 861 9
455 875 8
455 935 8
455 942 3
455 949 7
456 523 1
456 527 8
456 529 8
456 646 4
456 682 9
456 746 5
456 952 6
457 477 7
457 543 9
457 560 2
457 603 7
457 620 2
457 716 5
457 729 7
457 822 3
457 911 9
457 920 4
457 930 7
457 956 9
458 536 3
458 545 10
458 702 1
458 710 3
458 726 1
458 775 5
459 489 9
459 586 6
459 588 3
459 680 7
459 748 4
459 749 5
459 849 10
459 853 6
459 907 6
459 964 4
460 631 10
460 656 2
460 816 4
460 831 6
460 877 3
460 929 4
460 960 7
460 973 5
460 994 8
461 756 9
462 490 8
462 519 5
462 521 4
462 539 7
462 559 10
462 563 9
462 696 1
462 760 7
462 960 10
462 979 7
463 504 6
463 526 6
463 536 3
463 598 2
463 627 1
463 748 2
463 835 3
463 842 2
463 853 4
463 877 7
464 501 1
464 605 5
464 622 6
464 665 7
464 670 6
464 713 6
464 775 6
464 829 7
464 864 9
464 918 5
465 485 4
465 554 7
465 562 5
465 589 10
465 620 8
465 638 3
465 719 10
465 746 4
465 750 6
465 757 8
465 895 9
465 896 1
465 956 10
466 548 3
466 591 8
466 602 6
466 607 1
466 612 5
466 659 6
466 686 3
466 777 7
466 800 3
466 884 10
467 500 4
467 523 6
467 577 7
467 642 3
468 480 7
468 533 10
468 576 2
468 634 6
468 844 6
468 856 7
468 878 5
468 951 3
468 963 1
468 981 6
469 517 8
469 610 4
469 643 7
469 674 4
469 704 8
469 809 10
469 848 10
469 943 6
470 538 7
470 604 2
470 785 10
470 981 4
471 499 9
471 522 5
471 534 3
471 617 7
471 636 10
471 661 3
471 683 3
471 702 3
471 748 3
471 872 1
472 527 7
472 560 10
472 568 7
472 589 9
472 681 3
472 724 8
472 855 6
472 871 1
472 893 2
472 918 3
473 485 7
473 508 2
473 513 5
473 533 3
473 586 9
473 616 9
473 662 4
473 913 2
473 990 6
474 488 10
474 631 2
474 734 7
474 737 9
474 755 3
474 760 3
475 527 3
475 533 10
475 670 9
475 685 5
475 733 2
475 778 7
475 780 8
475 781 6
475 827 8
475 858 2
475 891 9
475 919 8
475 952 4
476 495 4
476 497 2
476 510 10
476 528 8
476 612 6
476 629 6
476 662 1
476 674 7
476 695 3
476 728 6
476 780 6
476 826 9
476 880 10
476 913 6
476 929 3
476 944 9
477 498 2
477 500 10
477 600 10
477 739 8
477 797 5
477 900 5
478 486 6
478 501 2
478 598 6
478 634 1
478 691 8
478 707 7
478 781 6
478 790 9
478 803 8
478 828 2
478 834 6
478 862 1
478 895 1
479 575 8
479 639 3
479 983 10
480 486 1
480 516 7
480 576 4
480 647 5
480 660 9
480 725 8
480 740 5
480 848 9
480 862 3
480 879 10
480 885 3
480 889 4
480 945 9
480 961 7
480 964 9
480 991 6
481 509 6
481 595 1
481 598 3
481 616 10
481 665 8
481 672 2
481 676 8
481 688 8
481 725 9
481 745 10
481 774 7
481 777 1
481 803 4
481 899 9
481 932 9
481 933 3
482 509 10
482 616 4
482 708 9
482 826 2
482 925 9
482 977 5
482 986 7
483 570 10
483 669 4
483 729 6
483 746 8
483 867 7
483 884 7
483 891 6
483 970 1
484 570 9
484 590 6
484 610 1
484 615 5
484 668 4
484 749 7
484 898 9
484 901 10
484 918 3
484 938 2
485 691 4
485 818 10
485 938 10
485 998 6
486 493 7
486 521 6
486 683 4
486 722 9
486 744 3
486 871 8
486 935 3
487 546 10
487 547 3
487 548 3
487 756 2
487 777 2
487 779 1
487 968 5
487 981 10
488 605 9
488 681 1
488 699 1
488 747 8
488 842 9
488 912 4
488 928 1
489 537 9
489 582 3
489 613 2
489 631 2
489 721 4
489 752 4
489 812 2
489 908 5
489 957 3
489 966 7
490 491 4
490 500 9
490 513 7
490 528 8
490 544 7
490 571 4
490 627 8
490 652 4
490 657 8
490 712 10
490 713 8
490 722 3
490 729 9
490 817 2
490 914 6
490 954 4
491 513 7
491 516 7
491 520 2
491 615 1
491 634 7
491 654 5
491 711 9
491 721 3
491 773 6
491 898 2
491 912 1
491 925 3
491 936 2
491 952 8
492 521 5
492 526 10
492 556 4
492 578 3
492 584 7
492 605 6
492 610 8
492 612 6
492 726 1
492 755 9
492 759 1
492 809 7
492 834 9
492 863 3
492 884 10
492 968 3
492 984 6
492 993 5
493 541 8
493 562 10
493 676 8
493 685 7
493 758 10
493 791 2
493 988 4
494 646 8
494 708 1
494 724 5
494 729 8
494 797 1
494 896 7
494 904 7
495 550 7
495 556 9
495 646 9
495 800 8
495 824 9
495 826 2
495 914 2
496 543 8
496 570 3
496 580 9
496 598 1
496 621 10
496 703 8
496 708 5
496 781 4
496 830 9
496 868 3
496 912 6
496 950 4
496 984 1
496 993 5
497 531 9
497 551 2
497 585 9
497 598 3
497 608 5
497 619 3
497 690 6
497 702 2
497 703 7
497 708 4
497 808 1
497 820 6
497 842 6
497 848 5
498 519 7
498 581 10
498 629 5
498 658 4
498 685 1
498 698 4
498 720 10
498 850 7
498 911 7
498 917 3
498 941 8
498 957 3
498 982 5
498 993 8
499 536 7
499 734 10
499 798 6
499 895 7
499 902 1
499 971 10
500 504 2
500 536 1
500 563 7
500 650 2
500 784 4
500 854 4
500 864 10
500 918 4
500 929 4
500 945 6
500 969 7
500 973 8
501 502 9
501 511 7
501 512 5
501 639 9
501 669 7
501 681 7
501 819 6
501 830 6
501 877 9
501 944 2
501 977 6
502 526 9
502 528 4
502 549 6
502 560 6
502 577 3
502 609 5
502 614 5
502 624 10
502 709 10
502 729 9
502 763 7
502 793 3
502 794 7
502 912 3
502 922 10
502 940 10
502 942 1
503 526 3
503 751 9
503 771 7
503 804 4
503 823 7
503 984 4
504 574 10
504 580 2
504 585 3
504 619 1
504 691 6
504 714 1
504 737 9
504 873 9
504 949 1
504 964 4
505 506 7
505 584 7
505 640 9
505 688 5
505 715 9
505 799 8
505 803 5
505 848 4
505 874 8
505 911 10
505 946 9
505 959 4
506 544 9
506 607 7
506 670 5
506 789 3
506 799 10
506 824 1
506 846 2
506 910 4
506 917 6
506 964 10
506 988 4
506 989 4
506 990 5
507 514 6
507 527 5
507 551 10
507 557 6
507 558 7
507 569 4
507 630 6
507 657 3
507 677 5
507 715 3
507 765 9
507 785 8
507 788 10
507 858 2
507 872 10
508 513 6
508 545 4
508 553 7
508 604 4
508 693 4
508 714 9
508 720 1
508 823 3
508 824 8
508 829 3
508 895 7
508 936 8
509 516 3
509 538 9
509 665 5
509 669 9
509 734 9
509 846 2
509 873 7
509 893 2
509 894 10
509 916 3
509 931 10
510 571 7
510 595 2
510 607 7
510 636 7
510 637 4
510 658 6
510 688 4
510 703 7
510 747 1
510 768 4
510 802 1
510 845 1
510 860 7
510 943 10
510 958 5
511 524 6
511 530 1
511 547 5
511 565 10
511 892 2
511 924 1
511 944 6
512 526 2
512 548 7
512 569 9
512 620 9
512 631 6
512 648 1
512 677 2
512 688 8
512 723 3
512 774 8
512 809 6
512 816 1
512 845 7
512 857 1
512 866 5
512 898 4
512 909 6
513 584 10
513 646 5
513 654 10
513 717 7
513 741 8
513 752 2
513 753 1
513 876 8
513 925 8
513 934 8
513 991 7
514 675 9
514 686 3
514 721 9
514 932 7
515 546 6
515 622 5
515 628 8
515 818 1
515 843 2
516 529 4
516 533 9
516 537 4
516 560 1
516 608 7
516 641 9
516 680 3
516 797 10
516 941 10
516 981 3
517 580 7
517 593 7
517 606 1
517 743 4
517 751 1
517 756 10
517 767 3
517 773 3
517 776 8
517 842 4
517 879 2
517 889 2
517 896 4
517 938 3
517 946 3
518 644 5
518 678 7
518 682 5
518 719 10
518 889 2
518 917 4
518 945 6
518 980 3
519 570 3
519 640 1
519 663 1
519 713 4
519 764 3
519 820 3
519 841 4
519 870 10
519 927 4
520 570 1
520 573 7
520 688 1
520 717 10
520 872 7
520 878 3
520 883 6
520 903 3
520 979 8
521 568 1
521 659 8
521 676 3
521 863 2
521 902 5
521 907 3
522 575 8
522 593 1
522 668 1
522 703 1
522 734 5
522 739 9
522 755 7
522 960 3
522 969 10
523 576 3
523 611 3
523 617 7
523 653 8
523 704 5
523 710 4
523 721 9
523 778 5
523 853 10
523 928 7
524 628 7
524 749 8
524 755 7
524 781 9
524 786 3
524 817 7
524 850 2
524 905 9
524 929 4
525 546 3
525 562 10
525 582 8
525 604 3
525 654 8
525 668 4
525 733 8
525 783 7
525 826 9
525 871 10
525 872 7
525 894 6
525 939 5
526 591 7
526 593 1
526 670 5
526 698 9
526 702 4
526 821 5
526 859 8
526 937 4
526 952 3
526 991 3
527 542 3
527 578 4
527 608 3
527 665 6
527 779 4
527 824 3
528 731 7
528 815 3
528 854 1
528 896 9
528 917 6
528 993 4
529 539 8
529 621 9
529 637 1
529 789 1
529 844 5
529 956 4
530 535 3
530 547 6
530 606 4
530 636 8
530 670 3
530 699 5
530 713 1
530 794 1
530 881 7
530 943 1
531 635 7
531 713 8
531 748 6
531 817 8
531 848 6
531 901 9
531 968 8
532 628 10
532 668 6
532 689 9
532 788 10
532 873 5
532 883 10
533 584 8
533 625 1
533 631 7
533 702 2
533 758 8
533 858 5
533 901 2
534 608 8
534 648 9
534 657 9
534 692 4
534 696 1
534 706 4
534 733 2
534 846 4
534 956 2
534 961 5
535 712 9
535 757 1
535 824 10
535 856 8
535 869 7
536 569 6
536 573 2
536 595 3
536 655 8
536 657 7
536 698 9
536 733 7
536 864 3
536 910 7
536 984 8
537 579 10
537 621 1
537 682 5
537 709 5
537 734 1
537 776 7
537 804 10
537 911 5
537 943 8
537 989 5
538 634 10
538 650 8
538 701 1
538 754 10
538 806 3
538 853 4
538 864 4
538 883 7
538 923 3
538 944 2
538 953 6
538 956 2
539 635 1
539 745 10
539 757 1
539 817 10
539 911 9
539 948 2
539 972 3
540 619 9
540 722 4
540 780 1
540 848 7
540 849 5
540 882 5
540 919 5
540 937 2
541 571 3
541 587 6
541 599 1
541 611 6
541 636 2
541 645 10
541 657 7
541 665 10
541 716 1
541 722 4
541 757 6
541 776 1
541 780 1
541 805 1
541 815 7
541 864 8
541 900 8
541 901 7
541 975 2
542 552 3
542 621 5
542 699 4
542 769 8
542 800 3
542 811 8
542 847 3
542 941 5
542 960 4
542 995 4
543 598 6
543 620 3
543 740 9
543 757 6
543 830 1
543 850 1
543 971 2
544 764 3
544 943 6
544 979 3
544 980 4
544 987 9
544 989 7
545 553 4
545 588 1
545 599 5
545 651 10
545 668 2
545 746 1
545 805 10
545 970 2
545 972 8
545 982 10
546 576 1
546 604 9
546 620 2
546 641 3
546 676 10
546 776 4
546 795 6
546 858 3
546 902 9
546 997 10
547 555 2
547 573 8
547 615 7
547 678 3
547 726 7
547 727 7
547 731 8
547 735 6
547 755 6
547 781 4
547 788 8
547 798 9
547 824 2
547 846 2
547 923 8
548 617 7
548 719 7
548 749 8
548 786 4
548 866 4
548 878 4
548 902 7
548 999 2
549 576 10
549 588 6
549 766 2
549 786 2
550 556 2
550 584 1
550 600 3
550 610 6
550 625 4
550 702 10
550 706 5
550 716 6
550 818 6
550 939 7
550 997 2
551 569 9
551 635 8
551 710 10
551 810 6
551 873 1
551 921 6
551 929 2
551 993 5
552 652 5
552 821 5
552 826 9
552 880 5
552 900 4
552 942 3
552 943 6
553 589 6
553 594 1
553 677 1
553 684 7
553 788 10
553 905 6
553 933 2
553 949 2
554 656 7
554 716 9
554 784 10
554 967 2
554 968 5
555 615 6
555 721 7
555 725 5
555 750 1
555 819 1
555 934 4
556 609 10
556 644 3
556 715 9
556 756 7
556 759 3
556 832 4
556 861 3
556 875 1
556 883 10
556 965 1
557 558 1
557 591 10
557 604 7
557 605 1
557 641 5
557 685 1
557 696 1
557 704 10
557 731 8
557 753 5
557 859 3
557 888 4
557 935 2
557 939 2
558 574 7
558 644 5
558 660 3
558 758 8
558 809 10
558 827 8
558 897 7
558 984 1
559 566 2
559 587 9
559 589 8
559 610 3
559 621 2
559 667 6
559 714 10
559 778 3
559 785 8
559 805 3
559 807 6
559 834 5
559 912 7
559 988 5
560 577 10
560 578 7
560 615 2
560 622 10
560 629 5
560 665 3
560 686 10
560 706 9
560 708 5
560 746 6
560 762 9
560 784 2
560 880 6
560 956 2
561 564 5
561 586 1
561 636 7
561 645 1
561 741 4
561 838 9
561 949 8
562 673 4
562 689 1
562 717 5
562 757 6
562 799 10
563 591 9
563 652 2
563 730 10
563 734 6
563 814 9
563 831 6
563 856 7
563 960 2
563 963 4
563 969 3
563 983 9
564 651 4
564 659 8
564 836 2
564 987 2
565 596 9
565 606 1
565 683 8
565 793 5
565 796 2
565 836 8
565 842 9
565 846 4
565 862 1
565 874 9
565 888 7
565 892 8
565 900 3
565 901 9
565 930 7
565 973 6
566 762 6
566 798 5
567 669 8
567 693 6
567 842 8
567 847 4
567 902 5
567 918 3
567 921 3
567 954 1
567 994 8
568 570 8
568 609 7
568 681 9
568 703 9
568 760 2
568 762 10
568 767 7
568 837 9
568 904 5
568 970 8
569 579 1
569 714 2
569 730 8
569 747 10
569 857 2
569 912 4
569 916 5
569 933 9
569 934 5
569 959 8
569 960 3
570 571 8
570 704 9
570 754 3
570 771 9
570 808 9
570 815 7
570 938 7
570 946 1
571 591 4
571 691 4
571 732 8
571 867 10
571 889 10
571 914 2
571 946 9
571 991 7
572 580 2
572 768 1
572 778 7
572 906 8
572 949 7
573 577 8
573 605 6
573 613 3
573 667 1
573 722 5
573 730 8
573 740 5
573 767 9
573 845 4
573 885 10
573 921 1
573 926 7
573 950 9
574 606 8
574 770 10
574 817 10
574 885 5
574 932 10
574 943 6
574 967 3
575 592 3
575 919 4
575 951 2
575 979 8
576 708 3
576 716 2
576 782 9
576 828 2
576 856 9
576 883 1
576 927 9
576 997 7
577 595 6
577 618 9
577 629 4
577 637 9
577 747 1
577 803 1
577 825 7
577 830 10
577 853 4
577 861 4
577 934 2
577 941 9
577 980 10
578 600 9
578 687 8
578 719 9
578 803 5
578 804 4
578 813 6
578 883 3
578 987 8
579 591 1
579 622 10
579 673 3
579 742 5
580 581 4
580 582 2
580 587 8
580 605 7
580 611 7
580 646 1
580 677 8
580 726 8
580 740 1
580 760 5
580 896 4
580 919 4
580 988 3
581 617 8
581 693 5
581 889 8
582 609 1
582 771 2
582 846 3
582 887 6
582 934 7
582 943 7
583 726 3
583 741 6
583 781 1
583 876 6
583 930 8
583 943 10
583 995 4
584 610 10
584 994 10
585 615 8
585 635 3
585 648 7
585 666 4
585 682 1
585 728 8
585 773 3
585 783 4
585 852 7
585 931 3
586 609 3
586 725 6
586 755 7
586 907 1
587 617 5
587 696 1
587 706 4
587 724 6
587 730 9
587 799 4
587 839 8
587 871 3
587 949 6
588 628 6
588 712 4
588 714 4
588 753 5
588 758 2
588 852 10
588 912 6
588 972 1
589 682 7
590 766 4
590 908 10
591 625 7
591 686 9
591 850 1
591 867 10
591 949 5
591 959 7
591 987 3
592 611 7
592 615 6
592 840 8
592 886 9
592 927 8
592 994 1
593 599 4
593 600 7
593 611 9
593 674 9
593 717 7
593 739 3
593 781 1
593 805 7
593 933 5
593 966 3
593 979 9
593 983 1
594 604 1
594 639 5
594 672 5
594 677 3
594 698 8
594 987 4
594 991 10
594 997 5
595 663 9
595 671 6
595 760 8
595 799 10
595 800 9
595 845 4
595 851 8
595 875 10
595 913 2
595 921 6
595 952 4
596 631 5
596 747 4
596 772 4
596 776 3
596 859 5
596 983 4
597 781 10
597 820 7
597 849 1
598 646 4
598 647 10
598 651 3
598 664 5
598 764 4
598 869 2
598 912 5
598 983 8
599 673 2
599 682 6
599 705 5
599 724 7
599 741 3
599 826 2
599 835 3
599 867 10
599 953 6
600 678 10
600 683 9
600 724 1
600 789 9
600 859 10
600 868 3
600 892 9
600 933 7
601 644 10
601 691 3
601 768 4
601 823 8
601 990 6
602 616 5
602 689 3
602 764 6
602 773 8
602 777 7
602 794 4
602 822 6
602 824 1
602 921 5
603 650 10
603 662 7
603 704 1
603 817 8
603 857 3
603 905 10
603 925 5
603 951 3
604 626 9
604 720 9
604 752 9
604 753 5
604 808 10
604 829 8
604 837 5
604 854 5
604 856 1
604 896 10
605 620 4
605 639 9
605 688 9
605 694 1
605 721 4
605 783 8
605 792 2
605 798 3
605 838 8
605 878 4
605 929 5
605 975 3
606 634 8
606 647 10
606 669 8
606 839 10
606 957 9
606 994 3
607 625 6
607 635 6
607 640 3
607 682 4
607 686 2
607 707 1
607 748 9
607 815 9
607 826 5
607 903 4
607 942 1
608 649 7
608 650 8
608 655 5
608 771 10
608 787 4
608 802 5
608 813 6
608 817 2
608 863 10
608 922 3
609 625 9
609 629 9
609 675 1
609 701 9
609 720 4
609 731 4
609 759 8
609 820 10
609 898 3
609 946 10
609 984 5
610 618 1
610 661 3
610 665 5
610 797 3
610 821 6
610 953 7
610 989 3
611 616 8
611 658 8
611 659 2
611 660 3
611 711 7
611 797 7
611 832 6
611 847 7
611 854 8
611 883 9
611 917 7
611 947 10
611 981 6
611 990 9
612 618 9
612 643 9
612 691 2
612 804 3
612 939 10
612 959 7
612 969 5
612 981 6
613 689 7
613 698 2
613 732 8
613 761 3
613 814 6
613 815 2
613 863 3
613 918 3
613 924 6
614 636 10
615 711 9
615 712 2
615 731 5
615 800 6
615 824 7
615 886 1
615 895 8
615 922 7
615 937 2
615 958 1
615 962 4
615 964 4
616 640 7
616 777 9
616 778 10
616 871 2
616 874 4
616 892 1
616 902 2
616 947 1
616 984 9
617 696 9
617 836 7
617 838 7
617 844 4
617 850 4
617 860 5
617 868 5
617 958 2
618 915 1
618 937 6
618 970 7
618 997 10
619 709 7
619 802 10
619 846 6
619 872 3
619 910 6
619 969 3
619 976 3
619 994 8
620 631 5
620 664 7
620 683 1
620 778 6
620 791 5
620 833 6
621 645 1
621 706 9
621 770 3
621 790 8
621 820 7
621 859 8
621 888 6
621 905 10
621 946 2
621 955 2
621 981 10
622 624 6
622 625 4
622 638 9
622 669 6
622 743 4
622 779 10
622 888 9
622 908 5
622 958 9
623 663 9
623 707 5
623 800 6
623 815 10
623 895 1
623 908 8
623 914 8
623 928 10
624 636 7
624 656 1
624 662 1
624 672 2
624 693 10
624 734 3
624 801 1
624 826 5
624 838 9
624 855 1
624 872 9
624 906 2
624 983 8
625 656 8
625 658 2
625 983 5
625 986 3
626 661 3
626 726 10
626 728 9
626 797 9
626 822 6
626 891 2
626 908 8
626 934 9
626 986 3
627 657 7
627 707 2
627 876 9
627 882 5
627 913 3
627 929 1
627 952 9
627 962 4
627 964 2
627 981 10
627 990 5
628 707 7
628 723 5
628 777 7
628 859 4
628 862 10
628 863 5
628 872 10
628 899 1
628 905 3
629 692 7
629 805 6
629 808 4
629 833 10
629 883 1
629 908 6
629 956 1
629 975 10
629 994 1
630 795 7
630 949 3
630 951 6
630 965 6
630 990 4
630 994 8
630 999 4
631 714 10
631 762 4
631 771 7
631 825 4
631 851 2
631 917 2
631 918 4
631 938 7
631 939 10
631 971 5
631 983 9
632 660 7
632 667 5
632 698 8
632 754 8
632 764 7
632 845 6
632 903 4
633 672 6
633 697 4
633 730 8
633 744 4
633 863 8
633 939 3
634 654 1
634 667 1
634 751 7
634 848 10
634 862 7
634 872 2
634 879 3
634 886 8
634 949 4
634 964 7
635 661 1
635 675 7
635 686 9
635 687 7
635 718 7
635 768 3
635 778 6
635 904 7
635 920 7
636 644 3
636 672 10
636 682 9
636 762 9
636 772 5
636 819 1
636 910 10
636 923 10
637 789 1
637 810 8
637 853 10
637 911 3
638 906 3
638 955 6
639 663 2
639 731 1
639 772 4
639 786 5
639 798 7
639 815 3
639 834 2
639 923 9
639 989 10
640 661 5
640 676 3
640 718 4
640 783 4
640 794 9
640 902 8
640 951 1
640 975 1
640 983 1
640 984 5
640 985 8
640 986 5
641 723 2
641 741 6
641 751 2
641 794 5
641 833 1
641 841 3
641 895 6
641 940 2
641 975 1
642 655 9
642 666 7
642 698 9
642 865 2
642 922 10
642 943 4
642 945 7
642 956 8
642 962 4
643 660 7
643 682 5
643 689 9
643 692 5
643 712 8
643 762 10
643 825 5
643 910 6
643 911 8
643 922 3
643 946 6
644 659 10
644 682 3
644 747 1
644 755 3
644 759 6
644 760 8
644 772 1
644 804 9
644 815 5
644 821 7
644 884 9
644 936 8
644 975 10
645 740 1
645 805 10
645 858 3
645 874 6
645 984 10
646 692 3
646 714 2
646 723 7
646 724 3
646 734 4
646 739 7
646 846 2
646 908 5
646 959 2
646 963 1
647 683 6
647 746 7
647 818 8
647 856 1
647 879 10
647 919 2
647 921 7
648 963 3
649 674 3
649 685 5
649 798 6
650 802 3
650 851 3
650 911 7
651 673 7
651 705 5
651 754 3
651 820 6
651 882 1
651 885 2
651 887 1
651 952 3
652 662 8
652 714 3
652 763 2
652 859 7
652 886 1
653 778 5
653 779 9
653 784 8
653 805 1
653 866 9
654 786 7
654 791 10
654 833 4
654 838 7
654 840 4
654 852 9
654 879 7
654 969 1
655 764 8
655 792 8
655 832 6
655 851 10
655 910 7
655 937 7
655 942 6
656 698 1
656 742 8
656 773 5
656 780 2
656 819 5
656 852 2
656 873 10
656 924 8
656 938 4
656 976 1
656 987 3
657 760 3
657 820 2
657 858 10
657 874 7
657 910 1
657 944 2
657 946 3
657 956 7
657 980 1
658 669 10
658 741 2
658 766 5
658 845 4
658 859 2
658 910 6
658 911 10
658 948 6
658 986 3
659 687 3
659 704 6
659 814 1
659 833 3
659 846 5
659 848 2
659 946 6
659 954 9
660 688 5
660 716 2
660 720 1
660 721 6
660 730 6
660 738 10
660 835 1
660 934 3
660 964 10
660 976 7
660 978 10
660 997 5
661 776 6
661 797 1
661 846 4
661 905 5
661 914 10
662 689 7
662 813 5
662 830 2
662 840 10
662 880 7
662 931 4
663 674 2
663 675 10
663 681 8
663 697 7
663 706 9
663 728 5
663 832 6
663 851 1
663 896 3
663 920 10
663 937 6
663 946 1
663 978 5
664 685 4
664 902 10
664 951 10
665 688 1
665 699 7
665 742 7
665 770 3
665 847 1
665 863 1
665 919 6
665 949 7
665 973 5
666 739 7
666 770 7
666 776 3
666 916 10
666 927 5
666 983 4
667 689 9
667 894 5
667 921 5
667 940 3
668 744 9
668 760 9
668 777 8
668 786 4
668 927 6
668 934 1
669 756 5
669 836 8
669 838 10
669 857 5
669 872 4
669 882 6
669 891 3
669 901 9
669 909 7
669 914 6
669 937 3
669 949 3
669 997 3
670 698 6
670 748 5
670 767 1
670 786 8
670 897 7
670 932 5
670 966 7
671 934 10
672 752 4
672 776 9
672 795 1
672 929 3
672 952 4
673 682 1
673 690 7
673 728 8
673 939 4
674 712 1
674 751 1
674 828 1
674 900 4
674 922 1
674 927 9
674 939 5
674 985 4
675 816 4
675 891 8
675 962 3
676 735 10
676 797 5
676 880 7
676 901 5
677 715 6
677 743 7
677 789 4
677 801 3
677 810 5
677 856 4
677 871 1
677 920 7
677 929 4
677 935 9
677 943 4
677 985 7
678 689 4
678 800 10
678 828 9
678 875 3
678 947 2
678 955 4
679 699 6
680 682 3
680 760 2
680 886 6
681 687 9
681 707 5
681 725 8
681 732 1
681 768 6
681 799 5
681 947 8
682 739 5
682 740 4
682 755 7
682 776 8
682 797 8
682 864 5
682 868 2
682 897 2
682 986 4
682 988 6
683 695 7
683 712 2
683 725 10
683 770 7
683 789 1
683 825 10
683 841 6
683 910 7
683 913 1
683 969 5
683 981 5
684 858 10
684 862 1
684 882 4
685 694 1
685 711 5
685 725 7
685 757 9
685 759 3
685 885 9
685 939 3
685 991 7
686 730 7
686 735 6
686 854 7
686 896 1
686 902 1
686 916 2
686 980 8
687 700 6
687 805 6
687 918 3
687 928 9
687 989 9
687 999 4
688 689 2
688 768 1
688 795 2
688 800 7
688 812 7
688 915 5
688 949 8
688 957 8
689 718 5
689 775 8
689 892 7
690 696 10
690 708 10
690 764 10
690 826 8
690 838 8
690 867 10
690 904 2
690 918 2
690 998 5
691 696 4
691 697 3
691 757 9
691 768 3
691 790 5
691 791 5
691 799 2
691 838 6
691 881 2
691 905 3
691 930 9
691 934 6
691 962 2
692 746 3
692 835 6
692 973 1
692 989 6
693 728 4
693 749 3
693 754 5
693 776 5
693 937 3
694 730 2
694 779 10
694 932 2
695 814 9
696 767 6
696 822 3
696 839 5
696 846 1
696 857 1
696 860 7
696 900 5
697 757 4
697 762 2
697 787 6
697 816 7
697 943 9
698 730 4
698 733 7
698 743 5
698 746 9
698 747 10
698 768 5
698 825 9
698 933 8
698 958 5
698 964 1
699 741 5
699 746 10
699 761 4
699 766 9
699 791 10
700 828 7
700 874 8
700 889 9
700 912 2
701 789 4
701 955 3
702 714 4
702 803 5
702 840 6
702 855 10
702 899 7
702 928 7
702 950 9
702 982 8
703 747 8
703 786 4
703 841 6
703 865 3
703 893 3
703 940 8
703 984 1
704 726 4
704 731 10
704 793 5
704 863 7
704 889 8
704 920 10
705 734 4
705 743 1
705 929 1
705 987 2
706 723 5
706 784 3
706 793 6
706 806 4
706 825 4
706 830 4
706 847 9
706 862 3
706 899 10
706 904 1
706 913 7
706 937 3
706 949 2
707 880 4
707 894 2
707 928 3
708 711 3
708 721 6
708 808 6
708 814 7
708 848 5
708 868 1
708 894 9
708 942 8
708 946 5
708 993 10
709 753 4
709 860 4
709 871 5
709 886 1
709 900 6
709 921 8
710 726 9
710 750 10
710 753 1
710 781 7
710 851 1
710 861 9
710 873 10
710 954 1
710 971 9
711 936 9
711 937 1
712 740 6
712 746 1
712 750 8
712 760 4
712 836 7
712 875 2
712 981 8
712 985 1
712 999 6
713 793 7
714 803 5
714 897 7
714 900 10
714 913 10
714 946 3
714 963 2
714 983 2
715 722 7
715 790 9
715 852 7
715 903 3
715 914 3
715 986 3
716 786 2
716 788 6
716 805 5
716 840 10
716 859 9
716 940 5
717 858 3
717 879 2
717 888 6
717 894 6
717 900 4
717 939 6
718 804 4
718 821 5
718 894 4
718 908 9
718 986 10
719 798 9
719 861 7
719 986 8
720 800 4
720 875 2
720 883 10
720 893 10
721 771 9
721 798 10
721 801 7
721 847 10
721 867 3
721 905 9
721 962 4
721 967 3
721 973 1
722 905 2
722 915 6
722 934 3
723 752 2
724 777 8
724 792 4
724 870 2
724 897 6
724 913 7
725 747 5
725 869 1
725 909 4
726 751 1
726 783 9
726 794 4
726 924 2
726 930 10
726 949 7
726 968 2
726 971 9
727 779 2
727 783 1
727 785 8
727 842 4
727 844 4
727 885 2
727 945 8
727 966 6
727 997 8
728 730 4
728 743 4
728 854 9
728 878 3
728 930 1
729 790 3
729 803 1
729 808 5
729 871 10
729 908 5
729 964 1
729 969 4
729 980 1
729 997 5
730 773 8
730 811 10
730 812 10
730 815 4
730 890 6
730 949 5
730 999 9
731 771 5
731 791 3
731 803 10
731 845 1
731 925 3
731 944 4
732 791 2
732 861 10
732 876 1
732 895 2
732 913 5
733 741 2
733 805 9
733 817 9
733 973 1
734 741 2
734 853 7
734 859 2
734 866 6
734 952 3
735 786 7
735 971 3
736 811 8
736 827 2
736 840 1
736 985 5
737 766 1
737 816 7
737 820 2
737 854 4
737 858 1
737 980 1
738 852 3
738 877 10
738 897 8
738 923 8
739 787 4
739 794 1
739 850 5
739 921 8
739 937 8
739 943 3
739 950 8
740 746 3
740 758 9
740 781 10
740 797 5
740 827 3
740 945 1
741 788 5
741 811 2
741 821 2
741 877 5
741 924 6
741 931 9
742 768 7
742 943 2
743 744 7
743 751 3
743 759 5
743 858 8
743 882 2
743 975 6
744 773 3
744 825 10
744 833 5
744 900 4
744 904 8
744 949 8
745 757 8
745 778 9
745 794 2
745 959 4
746 781 4
746 794 10
746 973 1
747 808 7
747 830 9
747 871 3
747 877 7
747 937 6
747 980 5
747 981 10
748 764 6
748 884 4
748 905 1
748 929 3
748 939 6
748 940 4
748 967 7
749 750 9
749 774 1
749 867 6
749 878 5
749 889 7
749 904 1
750 751 9
750 762 3
750 769 4
750 829 9
750 903 2
750 937 2
750 980 6
751 790 9
751 924 7
751 961 10
752 875 6
752 879 8
752 920 4
752 932 9
753 874 4
753 892 2
753 956 10
753 959 2
753 969 10
754 786 4
754 804 2
754 814 7
755 844 2
755 853 6
755 919 2
756 786 6
756 854 6
756 864 2
756 902 5
756 910 7
756 973 10
756 976 1
757 848 3
757 874 4
758 842 3
758 878 6
758 982 10
759 811 3
759 894 5
760 774 5
760 776 6
760 868 3
760 873 8
761 796 10
761 841 7
761 873 7
761 879 10
761 962 9
762 795 5
762 835 8
762 841 10
762 928 3
762 956 3
763 774 3
763 794 7
763 957 3
764 840 6
764 854 3
764 869 5
764 870 7
764 879 3
764 883 1
764 931 2
765 766 1
765 809 8
765 856 7
765 972 9
766 773 8
766 782 5
766 805 5
766 830 10
766 991 9
767 910 4
767 920 4
767 969 2
768 802 7
768 821 6
768 956 4
768 988 7
769 797 1
770 826 4
770 914 5
770 923 2
771 794 9
771 858 9
771 874 8
771 881 7
771 884 6
771 891 7
772 834 9
772 920 2
772 941 4
772 948 8
773 816 3
773 851 8
773 874 4
773 877 10
773 985 6
774 811 7
774 876 2
774 880 6
774 960 1
775 783 8
775 795 2
775 818 3
775 873 4
776 797 9
776 805 10
776 838 9
776 895 10
776 903 4
776 963 8
776 983 9
776 987 9
777 788 5
777 850 10
777 887 7
777 936 10
777 946 6
777 983 10
778 928 9
778 986 5
779 817 1
779 929 2
780 814 8
780 819 5
780 821 8
780 854 7
780 867 4
780 911 5
780 933 6
780 942 4
780 956 10
781 803 4
782 880 1
782 975 1
783 801 5
783 869 5
783 882 8
783 964 8
784 790 5
784 839 3
784 947 5
784 971 10
784 976 2
784 999 6
785 826 4
785 831 4
785 874 10
785 887 2
785 973 4
785 985 10
785 987 5
786 794 4
786 800 9
786 884 4
786 891 1
786 970 6
787 874 10
788 865 5
788 925 1
788 952 7
788 964 3
789 881 7
789 923 2
790 980 5
791 955 9
791 996 7
792 841 2
792 853 3
792 885 4
792 931 3
792 951 6
792 985 4
793 848 3
793 964 5
793 981 4
794 811 2
794 813 5
794 883 6
794 922 8
794 962 8
794 976 9
794 980 7
795 815 7
795 969 10
795 998 7
796 892 4
796 943 7
796 998 1
797 856 1
797 870 3
797 928 8
797 972 10
798 859 2
798 889 9
798 920 9
798 966 10
798 978 2
798 993 9
799 836 9
799 848 3
799 919 10
799 938 1
800 823 6
800 839 9
800 858 3
800 871 5
800 902 5
801 803 3
801 840 3
801 842 4
801 854 3
802 814 10
802 893 9
802 934 5
802 956 9
803 815 7
803 910 10
803 947 4
803 959 1
804 812 8
804 850 2
804 879 8
804 939 1
804 945 9
805 810 7
805 849 2
805 880 1
805 951 9
805 960 2
805 964 1
805 996 7
806 824 6
808 924 8
809 821 9
809 825 6
809 923 1
809 949 9
809 955 7
809 963 2
810 841 6
810 848 3
810 850 9
810 858 8
810 913 4
811 837 4
811 883 6
811 997 4
812 819 8
812 934 7
812 938 1
812 939 10
812 996 3
813 884 1
813 982 10
813 986 8
814 857 7
814 900 5
814 947 6
814 987 10
815 825 9
815 828 5
815 830 6
815 852 1
815 874 4
815 891 6
815 929 4
815 939 8
816 969 9
817 954 3
817 955 7
818 842 10
818 852 4
818 905 5
819 822 7
819 943 7
820 837 5
820 859 9
821 845 6
821 850 2
821 936 6
821 996 5
822 912 1
823 952 4
823 962 2
825 889 6
825 905 6
825 908 8
825 939 1
826 830 4
826 861 10
826 894 7
826 960 5
827 914 1
828 835 10
828 914 4
828 915 2
828 951 7
828 958 3
828 966 4
828 993 6
829 880 10
829 949 1
829 983 6
830 838 1
830 880 9
830 895 3
830 896 3
831 866 1
833 887 9
833 942 3
834 885 6
834 894 7
834 975 9
835 852 3
835 982 9
835 983 7
836 871 10
836 969 1
836 970 3
836 990 8
837 964 7
838 842 9
838 870 5
838 913 3
838 997 7
839 887 3
839 946 2
840 914 8
840 915 6
841 882 1
841 929 5
841 947 6
843 876 4
843 905 9
843 932 8
843 945 8
844 855 1
845 933 2
845 938 6
846 923 2
846 965 10
846 987 9
847 935 4
847 953 8
847 982 6
849 922 10
850 863 4
850 873 10
850 887 4
850 893 6
850 968 7
850 981 10
851 874 9
851 902 9
852 902 6
852 904 4
853 877 7
853 938 4
853 960 5
853 977 3
854 886 8
854 922 2
854 923 8
854 928 4
854 941 3
854 974 7
855 879 5
856 912 1
856 955 10
856 994 1
857 931 6
857 958 10
857 959 7
858 866 4
858 874 4
859 903 10
859 943 10
859 960 5
859 982 8
859 991 3
859 993 2
860 873 10
860 905 8
861 935 4
861 970 7
862 970 4
862 988 2
863 898 8
863 960 1
864 897 7
864 928 5
864 933 2
864 969 1
865 886 8
865 910 4
865 997 1
866 944 1
867 914 9
867 941 9
868 882 4
869 873 1
869 939 6
869 969 3
870 873 4
870 983 3
871 900 8
871 942 9
871 957 9
871 997 6
872 906 10
872 927 7
872 940 8
873 907 9
873 938 9
873 954 9
873 958 7
873 976 7
873 997 3
874 884 3
874 908 3
874 946 3
874 996 5
875 915 1
876 908 1
877 924 5
878 882 2
879 883 8
879 918 3
879 930 1
879 990 2
880 882 10
882 970 7
882 981 9
883 924 6
884 939 3
884 941 6
884 969 4
885 900 1
885 902 1
886 899 2
886 904 9
886 917 8
886 931 7
886 934 4
887 949 1
889 911 6
889 914 1
889 916 10
889 935 4
889 937 1
890 911 5
890 990 3
891 917 3
891 972 4
892 952 7
892 974 9
893 908 9
893 928 9
893 934 1
894 915 10
894 974 4
895 944 4
896 911 4
896 963 1
896 997 5
897 914 7
897 951 2
897 970 2
898 983 7
899 908 5
901 955 4
901 956 7
902 976 5
903 939 1
903 971 7
905 913 2
905 950 8
905 978 5
906 946 4
906 971 8
906 981 4
907 984 7
908 993 9
909 915 5
911 932 7
912 917 3
912 933 9
913 955 10
913 990 4
914 974 6
915 923 2
915 980 5
916 974 3
917 918 8
917 941 5
919 944 10
919 975 5
919 988 5
919 994 7
920 967 3
921 941 5
921 971 8
922 951 8
924 936 6
926 943 5
926 969 8
926 993 9
927 957 9
928 930 8
928 975 5
929 955 6
930 969 2
931 963 4
931 968 9
933 937 2
933 996 3
934 984 1
934 986 6
934 987 4
936 985 6
937 970 7
937 972 5
937 982 9
937 998 3
938 953 7
939 954 9
939 963 2
940 960 5
941 986 7
943 962 4
943 989 10
943 990 10
944 964 4
944 969 8
944 972 6
946 949 10
946 981 4
947 986 4
948 953 5
949 992 1
951 976 8
951 986 10
951 998 2
953 987 6
954 993 5
956 989 9
961 998 8
962 977 3
962 998 1
969 994 5
972 975 9
973 975 5
976 983 1
979 994 6
980 988 9
982 992 10
984 993 2
988 999 10
989 996 9
994 997 6
