0 99

25 26 31 22 78 8 85 82 93 65 

7 43
31 54
9 24
31 33
1 27

13 97
8 84
70 92
37 94
72 76

0 8 3
0 20 6
0 21 5
0 38 2
0 41 3
0 42 4
0 43 10
0 48 1
0 51 4
0 56 3
0 93 7
1 8 6
1 9 7
1 22 10
1 27 1
1 32 6
1 45 3
1 64 1
1 77 6
1 79 6
1 90 1
2 6 1
2 9 3
2 13 8
2 19 7
2 21 4
2 26 3
2 30 5
2 37 2
2 39 8
2 44 3
2 82 4
2 84 3
2 86 8
2 93 1
3 7 3
3 15 7
3 22 2
3 27 5
3 38 8
3 52 5
3 64 7
3 79 1
3 93 7
4 5 1
4 22 1
4 35 10
4 40 9
4 42 2
4 43 7
4 47 9
4 56 1
4 61 8
4 67 10
4 73 6
4 80 10
4 85 6
4 96 9
5 51 4
5 56 7
6 21 9
6 22 4
6 26 1
6 37 10
6 42 10
6 43 7
6 58 4
6 65 9
6 80 8
6 84 6
7 14 7
7 15 10
7 41 6
7 43 5
7 49 3
7 57 3
7 66 9
8 9 4
8 56 3
8 84 9
8 98 9
9 13 5
9 14 5
9 19 6
9 24 4
9 51 8
9 53 4
9 59 10
9 64 10
9 80 5
9 82 2
9 86 5
9 92 1
10 30 7
10 32 3
10 36 10
10 37 5
10 62 8
10 71 4
10 72 2
10 76 4
10 96 8
11 13 4
11 20 10
11 38 6
11 49 9
11 70 1
11 71 2
11 83 5
12 22 7
12 30 9
12 32 9
12 35 6
12 41 5
12 46 2
12 58 10
12 70 4
12 76 10
12 82 4
12 86 3
12 87 4
13 21 1
13 38 4
13 41 8
13 78 6
13 86 4
13 97 5
13 99 10
14 15 8
14 23 4
14 38 3
14 55 8
14 81 8
14 86 3
15 24 8
15 26 3
15 33 9
15 42 3
15 64 6
15 68 2
15 87 2
15 95 1
16 46 10
16 98 3
17 24 5
17 30 5
17 42 9
17 59 1
17 87 7
17 90 6
18 23 6
19 20 6
19 21 6
19 22 7
19 33 9
19 43 5
19 46 2
19 59 6
19 62 2
19 67 7
19 69 6
19 90 3
20 44 4
20 59 3
20 63 6
20 66 7
21 24 9
21 30 3
21 50 6
21 54 9
21 63 10
21 72 7
21 80 8
21 88 1
21 92 8
21 94 7
21 96 6
21 97 6
22 47 6
22 48 7
22 54 9
22 68 8
22 75 5
22 89 2
22 96 6
23 37 3
23 39 5
23 76 6
23 82 3
23 85 1
23 89 4
23 90 4
23 94 4
24 38 8
24 53 8
24 54 6
24 60 6
24 72 9
24 74 8
24 78 7
24 95 5
25 28 8
25 44 2
25 46 7
25 50 4
25 59 5
25 63 3
25 72 8
25 74 9
25 80 1
25 81 6
25 90 10
25 95 4
26 32 1
26 46 3
26 47 2
26 48 4
26 79 9
26 82 6
26 87 3
26 89 7
26 98 2
27 32 5
27 50 9
27 64 9
27 72 10
27 75 5
28 58 7
28 85 6
29 42 2
29 48 5
29 77 6
29 78 8
29 93 4
30 32 2
30 35 2
30 39 1
30 41 4
30 43 2
30 61 5
30 70 1
30 71 7
30 73 1
30 78 10
30 91 3
31 33 4
31 45 6
31 47 1
31 54 2
31 78 8
31 97 6
31 99 4
32 44 4
32 51 6
32 60 10
32 68 4
32 70 6
32 71 10
33 36 5
33 48 7
33 82 3
34 35 7
34 36 6
34 43 8
34 54 2
34 55 6
34 63 1
34 67 5
34 68 4
34 83 9
34 90 8
34 94 7
35 39 3
35 41 4
35 43 8
35 69 9
35 75 1
35 82 3
35 87 10
35 90 5
35 93 5
36 42 3
36 43 3
36 61 3
36 63 9
36 80 10
36 84 9
36 86 9
37 39 9
37 45 5
37 50 2
37 56 10
37 71 4
37 83 1
37 94 8
37 99 1
38 41 6
38 49 7
38 57 10
38 60 8
38 71 5
38 74 10
38 86 9
39 41 8
39 50 1
39 69 2
39 71 10
39 77 6
39 93 2
39 95 2
39 99 3
40 55 10
40 64 7
40 65 1
40 88 4
41 68 6
41 92 6
42 59 6
42 63 1
42 64 9
42 84 5
42 86 7
43 75 3
43 91 1
44 49 6
44 86 5
45 52 1
45 67 10
45 78 4
45 83 5
45 90 7
46 62 9
46 81 7
46 87 10
46 93 4
47 50 6
47 60 4
47 63 6
47 66 4
47 68 10
47 85 9
48 76 6
48 77 7
48 82 7
49 55 4
49 57 1
49 64 10
49 78 1
50 53 3
50 60 2
50 85 5
51 57 4
51 83 10
51 89 1
52 55 5
52 63 9
52 70 2
52 77 9
52 94 1
52 97 9
53 61 9
53 77 9
53 95 3
53 96 9
54 82 4
54 88 4
55 63 8
55 67 10
55 82 6
56 84 7
56 89 4
57 59 5
58 63 1
58 76 6
58 96 3
59 70 2
59 71 6
59 75 9
59 78 2
60 63 9
60 78 6
60 85 9
61 66 1
61 92 1
62 71 8
62 80 4
62 83 4
62 84 5
63 81 10
63 90 4
63 95 8
63 99 10
64 69 5
64 87 5
64 90 9
64 93 5
64 98 9
65 72 5
65 75 8
65 78 10
65 82 7
65 83 5
65 85 1
66 75 7
67 69 4
67 93 1
69 84 2
70 76 7
70 92 1
70 96 6
70 98 6
71 93 8
71 94 1
71 99 6
72 76 6
72 78 5
72 80 7
72 88 8
74 90 4
75 87 2
76 79 2
76 80 6
76 82 5
78 88 3
78 96 3
80 88 5
80 93 5
80 97 9
83 84 2
83 94 4
83 96 6
84 92 4
84 94 3
85 98 8
86 99 7
87 89 10
87 97 9
87 98 5
90 95 4
90 96 6
93 94 7
93 99 5
94 96 8
