0 999

727 780 401 384 350 651 403 877 413 892 351 989 860 474 196 392 341 536 777 568 599 1 721 163 268 560 556 11 528 702 200 659 835 525 161 842 370 365 226 378 636 834 831 985 444 764 276 572 290 939 701 618 445 152 324 614 177 818 282 585 906 55 265 53 960 705 227 462 286 109 747 472 100 25 232 435 992 366 394 71 666 398 995 657 885 517 246 61 240 962 277 323 858 773 704 383 195 264 745 115 

7 348
378 578
380 739
5 49
598 956
697 971
621 742
104 665
521 917
312 933
508 624
249 685
189 830
456 542
456 660
821 896
891 961
687 827
129 365
80 336
183 675
178 376
158 301
389 937
42 775
391 798
177 356
709 896
854 910
601 918
195 272
644 870
17 483
421 959
524 976
929 957
167 445
69 884
85 416
449 893
328 919
314 319
28 333
425 495
126 745
569 952
384 459
110 798
468 609
553 798

161 191
473 900
68 405
677 840
386 387
75 982
491 691
150 240
17 752
121 999
358 676
516 810
295 620
908 913
880 944
257 389
65 457
337 615
740 968
305 929
644 657
813 974
517 619
22 911
101 380
472 795
70 468
690 705
229 777
341 880
105 945
761 823
805 857
178 465
506 903
62 730
398 459
108 195
546 794
80 384
858 926
213 560
369 496
486 680
320 894
901 933
623 669
12 368
94 522
391 646

0 95 10
0 295 2
0 415 4
0 516 4
0 560 4
0 574 7
0 613 6
0 697 10
0 737 7
0 738 3
0 756 2
0 938 3
0 969 1
1 205 1
1 379 5
1 513 4
1 706 3
1 726 2
1 730 5
1 773 9
1 862 1
1 900 4
1 977 3
2 142 5
2 152 3
2 605 10
2 930 2
3 143 2
3 186 7
3 193 6
3 279 4
3 297 6
3 310 6
3 430 5
3 465 10
3 597 3
3 721 2
3 795 6
3 826 10
4 71 5
4 347 6
4 366 7
4 428 4
4 738 5
4 761 2
5 49 9
5 88 7
5 103 7
5 109 1
5 168 9
5 215 4
5 392 10
5 423 9
5 426 1
5 445 8
5 467 5
5 653 9
5 675 2
5 703 1
5 756 2
6 132 7
6 298 5
6 299 4
6 524 4
6 541 8
6 748 7
7 21 5
7 348 10
7 360 9
7 582 9
7 600 10
7 642 6
7 643 2
7 711 1
7 779 5
7 845 8
7 912 6
7 995 5
8 91 5
8 164 9
8 320 4
8 629 9
8 656 6
8 721 7
8 785 1
8 856 1
8 924 6
9 345 7
9 431 2
9 525 10
9 530 8
9 630 10
10 269 10
10 995 7
11 99 1
11 108 5
11 120 3
11 199 9
11 295 5
11 318 9
11 563 5
11 606 9
11 889 3
12 32 7
12 206 8
12 258 7
12 290 3
12 291 3
12 293 1
12 368 1
12 762 2
12 837 1
12 875 1
13 360 10
13 905 7
14 23 1
14 71 8
14 116 1
14 128 2
14 377 2
14 439 9
14 492 2
14 610 9
14 908 10
14 930 10
14 987 5
15 45 10
15 60 8
15 116 6
15 137 1
15 159 2
15 260 9
15 434 5
15 505 1
15 556 3
15 694 4
15 778 8
16 229 8
16 294 9
16 358 2
16 727 8
17 34 9
17 483 4
17 518 6
17 610 2
17 635 3
17 752 8
17 890 6
17 929 5
17 930 3
18 149 6
18 279 8
18 395 10
18 450 6
18 666 1
18 715 7
18 716 1
18 904 4
19 377 4
19 387 8
19 688 6
19 868 2
20 79 9
20 83 8
20 308 1
20 336 5
20 385 10
20 609 6
20 688 8
20 783 7
21 113 3
21 275 6
21 327 9
21 480 10
21 538 5
21 616 9
21 662 5
21 746 8
21 978 1
22 181 8
22 242 2
22 264 4
22 277 9
22 307 3
22 312 1
22 389 10
22 548 8
22 791 3
22 911 6
23 49 5
23 83 9
23 223 4
23 330 6
23 597 9
23 648 4
23 731 6
23 988 1
24 476 3
24 527 10
24 859 2
24 880 2
24 999 8
25 220 1
25 602 6
25 854 10
25 966 9
26 125 2
26 143 6
26 276 9
26 300 3
26 338 9
26 400 9
26 526 6
26 571 3
26 605 4
26 628 5
26 689 2
26 999 9
27 89 9
27 92 5
27 141 10
27 443 8
27 497 3
27 565 3
27 641 8
27 693 7
27 812 5
27 951 3
27 954 9
28 87 5
28 111 1
28 139 3
28 167 2
28 266 1
28 312 5
28 333 10
28 429 9
28 490 2
28 604 10
28 623 9
28 975 8
29 69 2
29 83 10
29 320 2
29 439 9
29 658 6
29 757 8
29 781 8
29 915 7
30 43 10
30 339 8
30 491 1
30 637 2
30 703 3
30 817 10
31 122 8
31 233 10
31 328 9
31 395 4
31 417 9
31 434 7
31 453 6
31 460 5
31 552 10
31 592 8
31 747 2
31 751 10
31 899 2
32 284 3
32 349 2
32 363 6
32 390 9
32 468 7
32 606 6
32 622 10
32 700 7
32 730 8
32 787 6
32 795 1
32 830 4
32 840 2
32 871 10
32 954 1
33 42 5
33 265 8
33 546 8
33 585 4
33 895 4
33 927 7
34 123 4
34 308 9
34 401 8
34 480 10
34 518 8
34 834 4
34 908 4
35 154 2
35 157 6
35 489 6
35 780 7
35 857 2
36 139 3
36 167 6
36 249 1
36 335 2
36 405 6
36 471 1
36 541 10
36 609 8
36 718 1
36 798 8
36 801 2
36 814 4
36 853 6
37 101 10
37 109 3
37 416 6
37 528 2
37 658 3
37 747 1
37 772 7
37 790 6
38 99 2
38 213 8
38 294 1
38 427 3
38 479 3
38 511 2
38 616 1
38 625 1
38 632 4
38 798 10
38 854 8
38 899 5
39 221 8
39 365 6
39 384 5
39 560 2
39 622 10
39 643 9
39 846 8
39 922 4
39 975 7
40 229 6
40 269 3
40 275 8
40 463 10
40 529 9
40 613 1
40 748 3
40 979 4
41 126 4
41 199 2
41 213 1
41 385 7
41 488 3
41 504 3
41 641 1
41 883 9
41 892 3
41 970 8
41 982 1
42 196 8
42 211 3
42 296 9
42 344 9
42 431 9
42 437 4
42 481 2
42 632 6
42 670 6
42 775 9
43 122 7
43 334 4
43 554 9
43 565 8
43 578 4
43 647 7
43 655 1
43 686 10
43 752 6
43 761 3
43 902 10
43 979 6
44 101 8
44 227 1
44 230 6
44 238 7
44 387 9
44 515 1
44 614 1
44 654 9
44 691 10
44 716 9
44 783 6
44 789 8
44 838 9
44 916 2
44 930 8
45 682 3
45 872 6
45 943 9
46 220 6
46 337 6
46 340 10
46 354 1
46 494 2
46 517 1
46 687 3
46 708 3
46 772 5
46 875 1
47 346 7
47 921 9
47 944 4
47 971 10
48 114 3
48 115 7
48 141 5
48 285 2
48 374 3
48 396 5
48 536 6
48 648 5
48 877 3
48 896 1
48 968 6
48 984 6
49 375 3
49 461 7
49 488 7
49 494 6
49 574 1
49 582 10
49 679 5
49 732 8
49 751 6
49 756 4
49 842 8
49 964 1
49 973 9
50 192 4
50 218 10
50 536 6
50 573 4
50 629 7
50 699 4
50 875 10
50 878 10
50 996 8
50 999 1
51 194 10
51 202 7
51 204 10
51 319 1
51 438 1
51 542 2
51 560 4
51 561 4
51 590 6
51 762 5
51 771 7
51 787 3
51 992 6
52 86 4
52 226 2
52 331 9
52 397 1
52 401 6
52 485 5
52 507 6
52 551 10
52 623 9
52 669 6
52 828 1
52 970 3
53 154 1
53 231 7
53 264 8
53 301 1
53 393 3
53 601 5
53 613 5
53 629 4
53 840 2
53 899 7
54 169 3
54 178 1
54 209 10
54 453 4
54 801 9
54 829 1
54 870 4
54 896 8
55 423 3
55 458 4
55 502 5
55 550 6
55 674 2
55 721 6
55 722 2
55 856 4
55 915 10
55 918 8
55 936 6
56 78 3
56 96 3
56 357 2
56 380 1
56 381 1
56 388 4
56 677 10
56 775 6
56 883 4
56 955 6
56 965 4
57 248 4
57 380 3
57 436 3
57 464 2
57 480 1
57 697 3
57 978 5
58 520 8
58 669 4
58 758 9
58 967 10
58 991 3
59 278 4
59 334 8
59 368 5
59 382 6
59 469 8
59 618 10
59 770 7
59 933 2
60 171 9
60 178 1
60 244 7
60 290 9
60 401 7
60 486 8
60 493 2
60 548 1
60 572 10
60 594 7
60 689 2
60 781 10
60 812 8
61 102 7
61 174 7
61 520 6
61 748 8
61 839 2
62 141 6
62 179 3
62 329 3
62 508 4
62 510 6
62 726 10
62 730 3
62 968 10
63 207 4
63 366 5
63 470 8
63 857 6
64 66 5
64 135 7
64 250 1
64 281 4
64 299 10
64 333 1
64 370 2
64 443 7
64 499 1
64 537 9
64 677 2
65 214 3
65 457 1
65 794 7
65 846 7
66 77 8
66 256 5
66 272 7
66 335 1
66 542 8
66 697 4
67 89 7
67 151 4
67 242 10
67 328 6
67 678 4
68 153 7
68 236 9
68 405 8
68 680 6
69 176 2
69 271 10
69 491 4
69 861 4
69 884 3
69 924 9
69 939 5
69 968 9
70 176 9
70 448 7
70 467 1
70 468 4
70 506 3
70 603 10
70 883 4
70 942 8
71 218 1
71 315 2
71 323 6
71 333 8
71 342 6
71 380 7
71 522 10
71 594 3
71 747 3
71 840 4
71 858 3
71 904 6
71 941 1
72 196 8
72 356 3
72 494 1
72 902 6
72 908 9
73 310 2
73 465 2
73 736 10
74 93 7
74 109 8
74 141 6
74 333 9
74 401 7
74 537 10
74 687 5
74 914 9
75 287 8
75 297 4
75 321 5
75 614 7
75 915 8
75 982 4
76 382 3
76 437 3
76 607 2
76 645 6
77 164 2
77 285 3
77 440 8
77 602 9
77 755 5
77 783 2
77 787 4
77 916 8
78 109 8
78 198 6
78 231 1
78 284 8
78 290 7
78 369 9
78 541 10
78 575 3
78 576 6
78 643 3
78 675 1
78 736 10
78 742 7
78 833 1
78 890 10
78 893 3
78 973 3
79 224 8
79 236 7
79 418 3
79 484 9
79 548 8
79 599 4
79 984 7
80 104 5
80 208 7
80 259 7
80 335 9
80 336 5
80 384 3
80 935 6
81 168 9
81 323 2
81 402 7
81 514 7
81 781 2
81 861 2
82 109 8
82 142 8
82 203 8
82 278 2
82 312 6
82 522 5
82 592 7
82 729 8
82 731 7
82 800 7
82 857 3
82 881 4
82 895 7
82 921 4
83 203 5
83 411 8
83 490 4
83 838 9
83 911 4
84 388 8
84 445 7
84 800 6
84 892 9
85 376 8
85 416 5
85 440 6
85 475 3
85 513 4
85 639 7
85 715 1
85 831 1
85 902 7
85 932 9
86 828 2
86 849 8
86 924 5
87 134 6
87 201 8
87 432 4
87 505 9
87 533 7
87 720 8
87 847 1
87 943 3
88 94 3
88 116 2
88 215 6
88 339 2
88 770 7
88 813 8
88 904 8
89 97 2
89 168 6
89 438 6
89 470 6
89 510 1
89 566 9
89 590 10
89 596 10
89 914 10
90 238 3
90 241 10
90 831 4
91 271 6
91 375 1
91 388 2
91 441 5
91 740 5
91 820 9
91 918 2
91 948 5
91 964 9
92 314 2
92 412 4
92 434 9
92 467 7
92 525 8
92 767 4
92 877 7
92 981 10
92 992 1
93 143 10
93 270 10
93 385 9
93 393 9
93 534 5
93 608 4
93 652 9
93 663 7
93 723 10
93 859 2
93 867 4
93 915 6
94 110 1
94 354 4
94 400 10
94 431 1
94 510 1
94 522 3
94 547 3
94 683 2
94 694 9
94 880 2
95 111 7
95 201 6
95 236 8
95 384 9
95 417 6
95 488 3
95 552 5
95 583 9
95 659 6
95 738 10
95 863 6
96 130 2
96 363 10
96 485 8
96 530 4
96 827 2
96 838 6
97 106 2
97 169 7
97 237 10
97 284 1
97 335 10
97 387 1
97 412 7
97 569 5
97 594 3
97 807 7
97 832 3
97 889 2
98 127 1
98 143 10
98 331 2
98 381 1
98 404 2
98 432 4
98 506 1
98 516 7
98 600 3
99 170 6
99 326 1
99 340 1
99 393 1
99 444 9
99 570 2
99 657 8
99 663 8
99 667 3
99 836 1
99 840 5
99 899 3
99 918 10
100 107 6
100 119 4
100 719 4
100 755 2
100 794 8
100 955 9
101 201 1
101 278 10
101 336 1
101 380 8
101 582 3
101 657 1
101 698 7
101 714 5
101 740 10
101 899 3
102 111 2
102 153 5
102 194 10
102 257 5
102 409 4
102 514 6
102 656 2
102 913 7
102 990 2
103 581 6
103 646 9
103 658 10
103 677 4
103 745 9
103 858 4
103 863 3
104 397 3
104 599 9
104 639 3
104 665 8
104 861 9
105 114 2
105 478 2
105 520 8
105 551 8
105 773 8
105 808 9
105 825 2
105 852 3
105 945 9
105 952 6
105 995 3
106 123 3
106 186 3
106 284 2
106 552 2
106 707 8
106 796 6
107 202 2
107 251 5
107 271 3
107 478 4
107 591 9
107 618 2
107 708 8
107 868 10
107 871 2
107 901 8
107 978 7
108 195 9
108 213 6
108 239 3
108 616 5
108 710 2
108 828 3
108 832 3
108 936 7
109 329 1
109 790 8
109 890 4
109 998 5
110 159 8
110 397 4
110 798 6
110 843 6
110 952 7
111 334 10
111 640 4
112 156 10
112 220 5
112 271 2
112 278 8
112 403 9
112 471 8
113 239 10
113 247 4
113 311 3
113 538 1
113 623 5
114 130 4
114 204 3
114 424 2
114 500 2
114 637 4
114 770 3
114 897 5
114 967 4
114 970 5
115 116 2
115 145 1
115 284 2
115 324 3
115 374 6
115 376 4
115 540 4
115 686 5
115 942 4
116 142 10
116 241 10
116 518 8
116 618 8
116 709 9
116 834 7
116 855 7
116 925 3
117 174 10
117 222 4
117 241 8
117 311 6
117 335 2
117 353 6
117 474 8
117 537 10
117 677 5
118 146 6
118 151 8
118 241 1
118 268 3
118 424 9
118 427 3
118 469 9
118 561 7
118 621 4
118 799 8
118 812 9
118 830 2
118 832 8
118 863 4
119 161 10
119 162 6
119 455 1
119 582 3
119 819 1
119 927 7
120 159 1
120 279 9
120 330 3
120 538 6
120 572 8
120 705 3
120 920 1
120 986 6
121 160 9
121 304 9
121 392 9
121 412 3
121 429 7
121 430 5
121 592 6
121 599 1
121 860 6
121 861 5
121 906 1
121 999 6
122 257 5
122 259 8
122 386 9
122 554 9
122 728 9
122 748 10
122 781 2
122 918 10
122 921 9
123 314 3
123 349 5
123 457 5
123 634 2
123 678 10
123 690 5
123 880 9
123 886 4
123 896 2
123 963 9
123 976 3
124 147 4
124 248 9
124 338 4
124 435 9
124 884 2
125 332 9
125 481 7
125 589 8
125 618 8
125 763 4
126 333 9
126 507 8
126 568 10
126 597 3
126 745 10
126 821 3
126 938 1
127 278 9
127 469 1
127 524 4
127 583 9
127 900 1
127 968 4
128 241 8
129 251 4
129 365 3
129 661 5
129 823 6
129 971 3
129 977 3
130 137 6
130 378 5
130 443 8
130 834 2
130 866 3
130 887 2
131 244 3
131 501 6
131 627 10
131 687 2
131 773 9
131 816 7
132 179 5
132 186 8
132 236 8
132 291 9
132 306 7
132 379 7
132 536 3
132 603 8
132 708 1
132 888 8
132 892 8
132 989 5
133 213 5
135 140 7
135 310 1
135 344 9
135 370 6
135 486 9
135 736 9
135 752 10
135 770 4
135 820 3
136 142 4
136 152 7
136 219 8
136 256 9
136 340 8
136 344 10
136 349 6
136 436 7
136 491 8
136 666 8
136 975 8
136 984 5
136 993 1
137 315 5
137 337 2
137 550 5
137 552 3
137 553 1
137 661 7
137 727 7
137 804 8
137 828 1
138 149 4
138 154 9
138 193 3
138 212 1
138 294 6
138 530 7
138 535 4
138 549 7
138 726 9
138 919 7
138 943 2
139 268 8
139 302 5
139 345 1
139 398 8
139 463 9
139 556 1
139 662 10
139 801 5
139 900 4
139 946 4
139 984 3
140 261 7
140 311 4
140 324 3
140 394 8
140 523 7
140 571 1
140 812 6
141 194 2
141 244 8
141 379 7
141 386 9
141 451 9
141 458 7
141 699 3
141 806 1
142 175 5
142 256 2
142 622 3
142 779 3
142 830 7
142 868 8
142 985 4
143 318 5
143 469 8
143 617 2
143 631 3
143 654 10
143 752 5
143 771 8
143 774 9
143 871 6
143 892 9
143 975 1
144 150 5
144 224 3
144 395 3
144 644 9
144 702 10
144 727 9
145 154 7
145 264 9
145 269 8
145 278 8
145 363 7
145 406 3
145 422 7
145 583 5
145 586 7
145 718 2
145 978 3
146 184 4
146 533 1
146 539 1
146 642 7
146 872 4
146 878 2
146 894 5
147 278 7
147 317 3
147 335 3
147 528 3
147 590 4
147 968 9
148 181 7
148 191 7
148 309 5
148 349 8
148 645 6
148 658 5
148 830 8
148 930 7
149 287 8
149 387 2
149 469 8
149 490 8
149 568 1
149 639 5
149 676 1
150 203 4
150 240 2
150 327 8
150 367 8
150 444 7
150 471 2
150 517 5
150 520 10
150 672 2
150 827 6
150 912 2
151 207 2
151 292 1
151 439 4
151 452 9
151 536 8
151 632 1
151 709 3
151 782 9
151 802 2
151 834 10
151 841 9
151 887 5
151 938 2
151 943 2
152 510 10
152 624 5
152 739 8
152 743 2
153 368 1
153 369 6
153 458 10
153 484 9
153 509 10
153 706 2
153 936 10
154 177 7
154 660 10
154 734 4
154 999 10
155 221 1
155 266 7
155 559 2
156 234 4
156 440 8
156 465 1
156 581 4
156 668 6
156 750 5
156 854 8
156 949 1
157 166 3
157 289 5
157 385 5
157 408 4
157 560 10
157 588 10
157 708 9
157 734 7
157 739 2
157 773 5
157 984 4
158 258 4
158 262 7
158 281 8
158 301 4
158 486 1
158 782 8
158 790 2
158 841 2
159 189 1
159 405 4
159 661 6
159 686 9
159 696 9
159 876 10
160 202 2
161 191 4
161 203 4
161 321 6
161 356 1
161 403 6
161 571 9
161 582 4
161 631 5
161 951 7
161 959 6
162 165 9
162 283 9
162 284 9
162 301 3
162 661 4
162 786 8
162 791 3
162 809 5
163 230 10
163 325 2
163 582 4
163 634 7
163 768 5
163 795 9
163 833 5
163 896 8
163 899 6
164 340 5
164 608 5
164 988 1
164 990 4
165 212 3
165 289 4
165 315 5
165 387 1
165 451 2
165 503 4
165 509 7
165 545 4
165 573 3
165 591 7
165 673 10
165 808 1
165 820 7
165 960 5
166 178 3
166 336 2
166 407 9
166 700 5
166 813 1
166 820 3
166 980 3
167 206 9
167 270 10
167 320 3
167 445 1
167 582 9
167 663 9
167 859 2
167 963 1
168 295 8
168 308 4
168 482 3
168 491 3
168 697 7
168 708 4
168 711 2
168 783 7
168 819 2
168 898 2
168 976 9
169 501 7
169 508 4
169 591 7
169 684 2
169 783 5
169 874 1
170 182 6
170 282 6
170 333 3
170 365 1
170 493 7
170 596 6
170 656 9
170 661 2
170 694 10
170 826 4
170 982 6
171 371 1
171 867 1
171 985 4
172 338 3
172 734 2
172 834 5
172 838 6
172 949 1
173 290 2
173 436 9
173 551 2
173 589 2
173 705 6
173 795 10
173 875 1
174 196 8
174 319 10
174 330 2
174 411 8
174 597 7
174 603 8
174 632 1
174 981 2
175 225 10
175 435 9
175 766 10
175 867 3
175 984 9
176 244 7
176 272 7
176 378 7
176 727 5
176 755 2
176 816 6
176 888 2
177 356 6
177 424 9
177 683 7
177 781 5
177 915 1
178 376 9
178 460 7
178 465 10
178 594 8
178 621 2
178 679 9
178 748 7
178 787 9
178 841 5
178 927 7
178 969 6
179 248 4
179 300 4
179 322 1
179 331 10
179 577 10
179 716 2
179 760 1
180 437 10
180 472 10
180 816 9
181 281 9
181 292 2
181 466 5
181 474 9
181 795 2
181 840 9
181 998 1
182 366 5
182 731 10
183 312 3
183 388 9
183 431 10
183 470 3
183 624 6
183 675 6
183 712 4
183 810 8
184 230 7
184 263 5
184 436 6
184 942 1
185 312 7
185 327 9
185 453 2
185 488 3
185 534 3
185 547 7
185 640 5
185 762 1
185 789 3
185 981 10
186 201 6
186 287 1
186 387 2
186 800 6
186 825 5
186 843 1
186 907 6
187 341 9
187 374 8
187 378 3
187 396 7
187 787 1
187 836 8
187 848 3
188 190 2
188 396 5
188 744 7
189 317 10
189 425 6
189 653 6
189 809 1
189 829 2
189 830 1
190 233 10
190 243 5
190 366 6
190 722 10
190 739 5
190 871 10
191 360 3
191 423 6
191 936 7
192 542 2
192 738 5
192 758 2
192 864 9
192 912 9
192 944 6
193 369 4
193 393 10
193 904 5
193 931 1
194 304 7
194 335 6
194 338 8
194 451 6
194 488 5
194 506 8
194 618 10
194 634 2
195 203 8
195 272 2
195 633 2
195 724 5
195 734 3
196 232 5
196 433 4
196 489 8
196 498 4
196 934 6
196 948 6
196 987 2
197 430 10
197 491 4
197 517 2
197 560 2
197 748 10
197 824 3
197 872 4
197 927 8
198 201 10
198 318 2
198 739 8
199 202 7
199 259 2
199 417 9
199 479 1
199 598 4
199 903 3
199 917 2
200 406 3
200 713 5
200 821 10
200 902 3
200 941 1
201 240 3
201 252 8
201 273 5
201 279 5
201 333 10
201 409 7
201 476 9
201 619 6
201 927 4
201 942 7
201 980 9
202 224 3
202 281 4
202 421 8
202 468 9
202 672 10
202 753 2
202 788 9
203 922 8
204 253 7
204 370 5
204 408 6
204 413 8
204 524 6
204 545 6
204 615 7
204 620 4
204 748 1
204 809 8
204 849 4
204 932 1
204 935 9
205 301 7
205 574 3
205 601 9
205 721 9
206 319 4
206 459 1
206 724 2
206 823 7
206 883 9
207 286 6
207 377 9
207 830 10
207 862 6
207 872 9
208 242 5
208 291 7
208 315 6
208 360 5
208 618 9
208 820 4
208 887 10
209 274 7
209 459 4
209 718 7
210 425 10
210 465 6
210 570 4
210 668 3
210 732 5
210 794 3
210 805 9
211 245 10
211 257 3
211 305 10
211 417 4
211 604 6
211 666 1
211 760 1
211 848 6
212 430 2
212 541 3
212 758 3
212 771 2
212 950 3
213 260 1
213 560 3
213 708 2
213 753 6
213 865 4
214 217 5
214 225 7
214 311 9
214 439 4
214 753 6
214 992 4
215 223 7
215 294 5
215 489 7
215 492 1
215 594 1
215 641 6
215 720 7
215 863 5
216 240 7
216 403 4
216 555 1
216 620 3
217 277 5
217 318 10
217 369 3
217 411 9
217 903 1
217 918 9
217 919 6
217 953 1
218 559 6
218 739 5
218 823 8
219 406 6
219 459 6
219 472 4
219 542 7
219 614 5
219 790 8
219 921 4
219 945 5
219 977 3
220 381 5
220 395 6
220 506 4
220 592 4
220 651 3
220 654 5
220 663 1
220 751 3
220 838 1
220 891 6
220 937 6
221 406 6
221 421 4
221 438 4
221 461 3
221 651 6
221 664 5
221 730 7
221 946 7
222 255 3
222 277 5
222 702 3
222 716 6
223 307 5
223 349 2
223 368 3
223 421 5
223 612 5
223 625 3
223 699 8
223 886 7
224 241 10
224 251 5
224 403 1
224 420 7
224 593 2
224 594 9
224 875 3
224 961 2
224 982 6
224 990 9
225 295 9
225 299 7
225 310 6
225 429 7
225 465 1
225 603 8
225 780 7
225 865 2
225 895 1
226 274 9
226 376 6
226 628 8
226 764 6
226 784 8
226 950 6
227 244 6
227 262 5
227 321 2
227 364 8
227 434 7
227 476 2
227 556 7
227 665 10
227 680 2
227 779 7
227 794 9
227 829 10
227 843 9
227 850 8
227 943 8
227 945 2
228 333 9
228 473 4
228 508 7
228 563 3
228 585 6
228 716 9
228 960 9
228 978 3
229 425 1
229 443 8
229 640 8
229 668 5
229 777 6
229 887 9
230 606 2
230 807 6
230 854 6
231 239 2
231 263 3
231 307 6
231 395 9
231 580 2
231 686 7
231 850 5
231 963 7
231 968 8
232 264 2
232 315 8
232 375 1
232 378 3
232 624 5
232 733 4
232 807 5
232 834 2
233 324 9
233 467 1
233 588 7
233 678 6
233 769 4
233 906 1
233 908 6
233 982 10
234 313 1
234 550 3
234 644 5
234 826 8
234 962 10
234 998 6
235 243 6
235 254 10
235 343 8
235 552 10
235 579 3
235 602 6
236 364 5
236 436 3
236 501 4
236 553 2
236 614 5
236 665 6
236 674 2
236 782 6
236 896 2
236 930 6
236 949 1
237 340 5
237 862 9
237 966 4
238 267 6
238 272 1
238 337 4
238 474 3
238 481 7
238 522 7
238 595 6
238 674 2
238 741 2
238 924 7
239 261 2
239 319 4
239 364 7
239 723 8
239 967 10
239 983 8
239 992 2
240 245 4
240 315 3
240 335 4
240 492 10
240 524 9
240 681 5
240 824 3
240 827 8
240 868 6
241 272 1
241 275 6
241 334 3
241 399 9
241 739 6
241 830 3
242 304 5
242 358 9
242 400 3
242 410 1
242 516 10
242 635 2
242 644 6
242 927 2
243 273 2
243 288 1
243 318 7
243 598 4
243 771 9
243 876 4
243 977 7
244 531 3
244 637 6
244 741 4
245 508 3
245 510 4
245 868 9
246 333 5
246 334 7
246 356 4
246 597 4
246 674 8
246 766 9
247 327 3
247 447 3
247 583 10
247 623 5
247 797 10
247 805 6
247 829 7
248 278 9
248 415 6
248 448 7
248 502 4
248 509 4
248 714 5
248 981 6
249 304 4
249 355 4
249 421 2
249 685 5
249 715 8
249 768 4
249 793 2
249 965 4
250 285 10
250 382 4
250 458 4
250 564 2
250 593 6
250 676 10
250 691 7
250 753 8
250 756 10
250 810 7
250 912 5
251 309 8
251 368 4
251 415 7
251 525 5
251 529 7
251 538 9
251 638 2
251 650 2
251 713 5
251 843 8
251 945 6
252 493 9
253 508 2
253 820 9
253 828 2
253 860 10
253 932 10
253 968 2
254 262 7
254 294 10
254 464 10
254 539 5
254 541 1
254 830 5
255 491 2
255 510 2
255 802 5
255 814 3
255 955 9
256 429 8
256 495 2
256 598 1
256 616 2
256 653 7
256 814 1
256 828 4
256 895 9
257 336 9
257 361 6
257 389 5
257 427 10
257 442 4
257 465 2
257 550 9
257 553 5
257 777 7
257 826 3
257 835 9
257 841 5
257 900 9
257 957 5
258 289 3
258 668 3
258 863 8
259 380 8
259 386 3
259 537 8
259 550 3
259 594 9
259 808 4
259 856 3
259 870 4
259 898 1
259 994 8
260 424 8
260 587 10
260 718 9
260 885 2
260 971 3
261 356 10
261 412 1
261 450 6
261 466 8
261 937 4
262 271 1
262 512 1
263 340 7
263 360 8
263 444 10
263 485 7
263 495 10
263 500 9
263 811 5
263 830 9
264 464 2
264 546 4
264 596 10
264 883 8
264 891 3
264 991 6
265 375 8
265 460 3
265 484 7
265 492 3
265 508 7
265 550 4
265 737 9
265 761 5
265 807 8
266 354 7
266 374 3
266 554 9
267 533 6
267 702 7
267 703 2
267 812 6
267 888 2
267 938 4
268 332 10
268 346 4
268 371 8
268 380 7
268 521 3
268 667 4
268 889 2
268 964 2
269 439 1
269 544 3
269 752 7
269 764 8
269 766 10
269 785 2
269 850 5
270 310 2
270 394 8
270 411 4
270 413 10
270 494 7
270 662 7
271 284 4
271 286 4
271 428 5
271 509 8
271 686 4
271 920 1
271 956 8
272 347 10
272 396 8
272 476 9
272 521 7
272 673 2
272 818 7
272 897 1
272 923 8
272 984 4
272 998 3
273 305 10
273 419 6
273 431 2
273 689 7
273 762 1
274 328 7
274 413 4
274 560 8
274 673 7
274 714 7
274 801 9
274 943 8
275 338 5
275 355 8
275 371 6
275 520 2
275 532 10
275 556 3
275 670 1
275 833 2
275 862 1
275 942 1
276 640 10
276 859 7
276 931 3
277 398 9
277 479 2
277 499 7
277 546 5
277 593 8
277 770 1
277 922 3
278 399 3
278 569 3
278 636 3
278 848 10
278 863 1
278 948 8
278 988 2
279 473 1
279 548 4
279 580 10
279 647 7
279 692 6
279 741 7
279 767 3
280 395 6
280 412 6
280 510 9
280 539 4
280 634 3
280 771 3
280 852 7
281 493 4
281 530 2
281 584 3
281 619 1
281 991 8
282 290 8
282 426 10
282 429 5
282 515 7
282 527 6
282 653 4
282 815 2
282 827 4
282 966 7
283 345 7
283 365 2
283 467 10
283 624 9
283 649 1
283 672 3
283 723 4
283 850 7
283 873 4
284 327 9
284 490 8
284 701 10
284 897 4
284 975 1
285 366 6
285 424 7
285 440 1
285 515 9
285 598 6
285 618 8
285 838 1
285 926 2
285 962 10
286 462 8
286 489 2
286 669 10
286 670 7
286 845 9
287 326 2
287 372 7
287 383 2
287 649 4
287 794 8
287 848 8
287 898 1
288 309 5
288 797 10
288 968 7
289 366 9
289 531 6
289 538 4
289 556 1
289 571 6
289 582 9
289 631 9
290 380 10
290 484 6
290 730 10
290 760 6
290 908 3
290 930 6
290 935 6
290 954 6
290 960 4
291 575 2
291 672 8
291 858 5
291 921 1
292 324 10
292 374 5
292 447 7
292 528 5
292 588 4
292 666 8
292 708 1
292 945 3
293 318 10
293 802 5
293 900 1
293 949 8
294 300 10
294 307 8
294 354 10
294 392 4
294 549 8
294 614 9
294 662 6
294 676 10
294 688 6
294 775 7
294 777 10
294 926 6
295 620 1
295 727 8
295 839 9
295 857 3
295 966 9
296 430 4
296 687 8
296 755 3
296 890 8
296 958 10
297 425 6
297 571 8
297 603 4
297 620 8
297 647 2
297 936 7
297 997 4
298 354 5
298 389 9
298 415 1
298 951 10
299 416 1
299 446 6
299 453 2
299 624 5
299 625 9
299 672 1
299 892 7
299 936 2
299 957 3
300 339 4
300 393 9
300 532 5
300 547 1
300 754 7
300 787 5
300 848 4
300 880 4
300 883 8
300 890 8
300 904 1
301 704 9
301 804 4
301 870 4
301 951 10
302 393 6
302 417 10
302 712 2
303 879 2
304 336 4
304 503 1
304 697 5
304 825 9
304 857 2
304 930 7
305 341 1
305 762 1
305 929 7
306 362 6
306 518 5
306 539 7
306 546 2
306 603 1
306 704 2
306 860 5
307 332 7
307 433 4
307 595 3
307 663 3
307 666 2
307 776 7
308 368 2
308 391 4
308 706 4
308 741 1
308 864 1
308 949 9
309 578 6
309 607 9
309 703 3
309 721 4
309 983 2
310 423 3
310 495 6
310 628 8
310 672 1
310 739 4
310 750 5
310 770 1
310 867 3
311 321 10
311 355 8
311 539 5
311 598 7
311 622 10
311 809 6
311 895 1
311 996 8
312 393 5
312 493 6
312 812 1
312 854 9
312 933 5
313 422 4
313 514 8
313 839 2
313 988 6
314 319 4
314 551 9
314 579 5
314 608 3
314 715 1
314 758 7
315 316 3
315 417 5
315 508 2
315 572 3
315 610 4
315 643 8
315 658 8
315 807 10
315 919 10
315 925 2
315 975 3
316 350 7
316 456 6
316 501 8
316 582 8
316 638 1
316 685 3
316 763 1
316 972 1
317 784 8
317 986 3
318 321 4
318 586 3
318 605 4
318 615 6
318 763 1
318 829 9
318 874 4
318 898 3
318 945 5
318 992 5
319 569 9
319 704 10
319 771 1
319 883 1
319 926 10
319 987 4
320 380 1
320 426 4
320 531 9
320 597 6
320 691 4
320 725 9
320 736 6
320 766 2
320 784 4
320 801 7
320 894 6
321 405 3
321 588 9
321 757 6
321 772 6
321 866 7
322 625 6
322 895 2
323 434 9
323 484 7
323 517 9
323 547 3
323 593 10
323 834 4
324 345 6
324 364 10
324 387 9
324 397 9
324 454 8
324 493 7
324 594 9
324 602 1
324 642 3
324 995 6
325 701 4
325 769 2
325 854 5
326 434 3
326 501 4
326 618 3
326 693 5
326 712 8
326 792 1
326 803 6
326 816 2
326 822 1
326 984 3
327 411 1
327 416 10
327 452 1
327 493 4
327 582 3
327 706 6
327 973 2
328 585 6
328 759 10
328 889 7
328 919 8
329 403 9
329 652 10
329 834 8
329 860 10
329 891 2
329 906 10
330 398 10
330 968 2
331 389 6
331 396 8
331 461 2
331 699 7
331 717 5
331 760 8
331 835 3
331 927 7
332 428 9
332 545 3
332 751 3
332 756 5
332 820 10
332 941 7
332 960 9
333 579 10
333 600 6
333 604 5
334 386 3
334 488 4
334 563 9
334 868 5
334 912 3
334 952 6
335 485 8
335 569 4
335 661 4
335 931 3
335 940 2
335 979 5
336 389 10
336 546 5
336 706 9
336 896 5
337 497 8
337 513 8
337 517 4
337 615 1
337 618 5
337 647 3
337 883 3
338 384 7
338 484 7
338 666 1
338 767 3
338 846 8
338 847 6
338 977 9
339 432 1
339 482 4
339 485 7
339 619 10
339 766 10
339 882 2
339 975 4
340 374 7
340 410 7
340 434 4
340 440 2
340 479 8
340 495 6
340 512 7
340 530 2
340 649 5
340 655 1
340 767 5
340 834 2
340 982 2
340 991 9
341 418 10
341 468 1
341 729 2
341 880 1
342 374 1
342 706 4
342 861 9
343 710 2
343 737 3
343 797 3
343 820 2
343 854 1
343 962 3
344 383 8
344 658 6
344 756 3
344 831 7
345 529 3
345 551 5
345 707 4
345 873 5
346 490 4
346 544 2
346 553 7
346 672 7
346 677 5
346 929 1
347 358 3
347 421 10
347 495 4
347 864 4
347 916 1
348 452 5
348 485 3
349 360 4
349 374 3
349 396 3
349 482 7
349 613 7
349 639 3
349 707 10
349 818 6
349 892 9
349 898 1
349 911 8
349 924 3
349 966 6
350 655 6
350 813 4
350 898 1
351 395 7
351 952 3
352 580 3
352 794 3
352 973 3
353 486 5
353 549 9
353 559 3
353 638 1
353 754 8
353 834 1
354 428 1
354 464 9
354 526 4
354 538 1
354 575 6
354 585 5
354 878 3
355 495 10
355 503 5
355 530 6
355 589 3
355 704 4
355 839 4
355 866 5
355 956 3
355 991 8
356 565 10
356 594 10
356 659 7
356 692 5
356 721 5
356 818 10
356 966 7
357 475 7
357 584 4
357 636 5
357 691 3
357 737 8
357 849 10
357 866 6
358 511 4
358 518 2
358 603 1
358 676 2
358 904 2
359 457 1
359 620 7
359 657 3
359 687 7
359 714 6
359 747 8
359 771 3
359 778 9
359 786 7
359 945 4
359 977 1
359 998 2
360 401 3
360 493 6
360 567 9
360 638 3
360 673 10
360 733 5
360 779 10
360 815 8
360 855 5
360 928 8
361 465 8
361 530 6
361 694 3
362 388 6
362 394 4
362 434 5
362 456 5
362 573 4
362 637 7
362 668 3
363 601 9
363 687 8
363 693 10
363 703 5
363 874 9
363 984 9
364 682 10
364 772 5
364 934 1
365 376 7
365 394 7
365 599 1
365 761 1
365 849 7
365 873 3
365 996 2
365 997 4
366 371 3
366 466 4
366 471 4
366 473 8
366 485 8
366 500 6
366 689 9
366 769 9
366 771 8
366 888 6
366 916 2
366 942 9
366 943 4
367 416 2
367 427 10
367 562 6
367 714 1
367 827 8
368 395 1
368 430 2
368 480 9
368 633 6
368 660 10
368 686 10
369 496 4
369 526 8
369 556 10
369 628 2
369 637 8
369 701 7
369 727 6
369 926 7
369 940 1
370 425 6
370 527 8
370 569 6
370 587 5
370 618 3
370 634 1
370 720 2
370 777 5
370 779 6
370 903 3
370 938 9
371 384 7
371 596 6
371 624 2
371 724 8
371 824 2
372 398 2
372 583 3
372 598 8
372 608 4
372 909 4
372 967 4
373 464 1
373 495 6
373 614 4
373 751 4
373 975 9
374 398 10
374 519 8
374 595 6
374 596 5
374 738 1
374 838 9
374 878 6
374 998 10
375 429 2
375 456 5
375 561 3
375 626 7
375 633 2
375 644 1
375 786 9
376 385 8
376 416 9
376 514 4
376 592 2
376 660 6
376 735 9
376 974 1
377 402 4
377 450 4
377 734 8
377 735 1
377 815 4
377 820 4
378 380 6
378 451 3
378 528 4
378 578 6
378 636 4
378 705 4
378 772 4
378 806 7
378 908 2
378 994 8
379 381 5
379 485 3
379 870 10
379 903 3
379 945 7
379 988 6
380 481 5
380 614 9
380 700 4
380 739 8
380 778 1
380 955 7
380 968 2
381 473 1
381 649 10
381 855 8
381 870 9
382 391 10
382 555 10
382 661 8
382 705 1
382 755 2
382 793 2
382 800 10
382 905 8
382 968 1
383 407 5
383 443 7
383 444 7
383 463 6
383 615 4
383 635 10
383 653 7
383 821 9
383 916 5
383 917 8
384 459 3
384 460 1
384 472 4
384 485 9
384 589 1
384 766 8
384 927 7
385 788 10
386 387 7
386 465 8
386 506 10
386 549 9
386 896 3
387 398 4
387 478 3
387 488 7
387 631 5
387 693 9
387 799 10
387 817 6
387 833 5
387 886 2
388 498 7
388 529 8
388 570 6
388 585 1
388 599 3
388 695 2
388 719 7
388 909 2
389 398 3
389 586 8
389 634 5
389 708 10
389 712 9
389 723 9
389 776 6
389 819 2
389 929 1
389 937 1
390 473 2
390 581 10
390 642 4
390 719 8
390 774 3
390 814 2
390 944 6
391 456 3
391 464 4
391 538 8
391 597 4
391 646 3
391 743 10
391 798 2
391 837 5
392 529 2
392 741 8
392 927 2
393 485 7
393 573 2
393 659 3
393 977 7
394 538 6
394 556 5
394 662 4
394 690 3
394 712 9
394 756 8
394 772 4
394 795 9
394 821 9
394 920 8
395 524 5
395 569 2
395 687 6
395 748 10
395 984 7
396 432 6
396 481 9
396 594 9
396 878 6
397 416 10
397 605 2
397 635 9
397 842 8
398 446 5
398 452 3
398 455 2
398 459 10
398 501 9
398 568 10
398 633 1
398 659 2
398 765 3
399 625 5
399 664 3
399 788 2
399 816 9
399 894 4
399 903 5
400 992 4
401 468 4
401 625 9
401 639 6
401 654 3
401 863 5
401 978 4
402 482 7
402 555 9
402 711 10
402 804 9
402 988 6
403 427 3
403 541 5
403 576 2
403 817 4
403 964 5
403 973 3
404 551 9
405 517 8
405 546 8
405 582 4
405 648 8
405 655 1
405 661 9
405 668 1
405 674 3
405 733 10
405 856 10
405 879 6
405 910 5
406 500 4
406 522 3
406 742 3
406 841 8
406 960 2
407 744 8
408 413 10
408 524 6
408 530 3
408 572 2
408 887 5
409 582 5
409 841 6
410 462 3
410 490 9
410 849 10
410 939 7
411 412 3
411 490 5
411 521 3
411 639 3
411 708 9
411 916 1
412 419 7
412 472 8
412 542 8
412 602 4
412 609 2
412 644 3
412 656 7
412 780 7
412 794 3
413 440 2
413 527 2
413 533 8
413 576 10
413 640 2
413 669 8
413 683 7
413 887 3
413 930 7
413 999 1
414 488 2
414 556 10
414 628 6
414 707 8
415 484 9
415 529 5
415 547 2
415 615 8
415 689 1
415 871 8
416 463 2
416 816 7
416 905 4
416 992 2
417 515 4
417 528 8
417 623 1
417 785 7
417 872 9
417 880 3
417 909 7
418 561 5
418 779 9
418 875 3
419 438 5
419 458 7
419 607 3
419 914 3
420 698 6
420 827 8
420 863 9
421 584 2
421 590 2
421 863 8
421 906 4
421 928 2
421 959 6
422 443 1
422 503 1
422 788 6
422 892 7
422 927 4
422 934 6
423 456 7
423 970 5
423 984 2
424 561 10
424 584 10
424 612 4
424 622 9
424 788 1
425 465 5
425 495 10
425 682 1
425 709 5
425 718 10
425 730 10
425 793 6
425 839 4
425 843 7
425 851 9
425 867 3
426 472 5
426 861 5
427 475 9
427 478 6
427 630 3
427 766 7
427 991 7
428 505 8
428 554 5
428 926 9
429 459 9
429 543 5
429 644 6
429 787 6
429 863 8
429 899 3
429 943 9
430 497 10
430 551 8
430 632 8
430 704 1
430 744 8
430 865 3
430 952 1
431 618 9
431 767 7
432 554 3
432 715 6
432 783 6
432 848 4
432 879 8
433 491 9
433 588 1
433 606 3
433 715 9
433 774 6
433 917 3
434 450 5
434 870 10
434 892 2
434 972 9
435 438 7
435 690 3
435 726 4
435 740 1
435 817 10
436 541 5
436 588 4
436 594 10
436 620 10
437 541 7
437 583 7
437 597 3
437 692 5
437 861 2
439 488 1
439 568 2
439 827 2
439 976 2
440 465 10
440 532 2
440 676 9
440 757 10
440 760 1
440 794 10
440 827 6
440 830 10
440 846 8
440 983 4
441 526 2
441 539 7
441 708 5
442 443 8
442 461 5
442 547 2
442 549 9
443 484 2
443 494 1
443 512 2
443 528 3
443 558 4
443 620 4
443 655 1
443 776 7
444 553 7
444 705 2
444 826 6
444 872 1
444 949 3
444 991 1
445 810 7
445 817 10
445 851 1
445 975 3
445 986 3
446 450 9
446 550 8
446 552 2
446 566 1
446 734 8
446 778 4
447 529 8
447 762 7
447 894 4
448 501 4
448 516 4
448 761 8
449 734 4
449 893 9
449 904 1
449 905 4
450 470 5
450 530 3
450 542 8
450 547 2
450 663 3
450 754 2
450 814 7
450 848 5
451 458 7
451 663 4
451 693 1
451 846 10
451 864 9
451 927 3
451 982 1
452 464 1
452 514 8
452 691 1
452 732 2
452 764 3
452 790 2
452 897 3
452 985 7
453 603 2
453 650 1
453 769 9
453 773 5
453 986 5
454 664 4
454 761 6
454 874 5
454 875 5
454 889 2
454 909 2
455 483 2
455 605 6
455 625 2
455 637 8
455 771 7
455 902 9
455 958 5
455 981 7
456 538 2
456 542 3
456 660 2
456 753 2
457 551 2
457 619 7
457 740 1
457 982 10
458 852 8
459 493 6
459 606 3
459 639 6
459 644 9
459 751 8
459 793 2
460 625 1
460 635 8
460 695 3
460 736 2
460 828 4
460 891 5
460 959 10
461 654 4
461 958 2
462 488 8
462 580 4
462 658 8
462 733 4
462 898 9
463 531 9
463 562 7
463 596 10
463 609 3
463 857 7
464 560 4
464 574 7
464 719 4
464 823 8
464 904 9
464 996 2
465 477 5
465 506 1
465 511 4
465 587 5
465 712 7
465 819 3
465 844 2
465 886 5
465 927 4
466 469 9
466 569 4
466 612 7
466 709 5
466 720 7
466 735 3
466 784 8
466 846 5
466 891 7
466 962 5
467 520 8
467 698 5
467 828 3
467 867 2
468 606 6
468 609 9
468 610 2
468 793 10
468 807 6
468 982 9
468 985 1
469 481 10
469 485 6
469 494 1
469 526 2
469 824 8
470 472 5
470 697 3
470 719 7
470 795 4
470 837 9
470 869 10
470 913 6
471 497 10
471 669 3
471 674 1
472 496 10
472 574 4
472 614 4
472 654 2
472 795 10
472 867 6
473 589 10
473 626 6
473 805 4
473 824 1
473 900 7
473 910 8
474 729 4
474 887 1
474 926 6
474 982 5
475 560 3
475 642 5
475 665 3
476 542 10
476 581 6
476 655 4
476 678 7
476 812 5
476 827 8
476 973 3
477 996 4
478 626 5
478 714 4
478 804 6
479 504 6
479 556 3
479 774 2
479 862 3
479 931 7
480 566 6
480 571 8
480 597 9
480 666 6
481 492 1
481 578 7
481 603 5
481 656 8
482 533 10
482 878 2
482 895 1
483 493 10
483 801 4
483 951 3
484 557 8
484 664 8
484 758 8
484 809 3
484 823 7
484 906 8
485 635 8
485 653 9
485 675 7
485 692 5
485 952 3
486 505 8
486 560 2
486 680 5
486 755 10
486 815 2
486 850 8
486 938 8
487 492 2
488 619 7
488 721 3
488 797 2
488 821 1
488 902 5
489 572 10
489 606 10
489 858 4
489 869 9
490 726 5
490 761 8
490 822 9
490 916 4
490 952 8
491 583 9
491 618 9
491 691 9
491 800 5
491 903 2
491 927 1
491 934 9
492 516 7
492 579 8
492 619 4
492 627 9
492 718 9
492 741 10
492 862 1
493 532 10
493 563 9
493 578 5
493 603 8
493 652 5
493 658 5
493 697 8
493 736 7
493 742 9
494 568 2
494 570 4
494 605 7
494 613 4
495 557 6
495 598 9
495 962 6
496 535 2
496 706 7
496 971 8
496 991 10
497 595 10
497 623 9
497 627 10
497 667 7
497 888 5
497 972 6
497 976 4
498 624 10
498 658 6
498 824 4
499 551 5
499 579 5
499 609 7
499 750 8
500 593 9
500 701 8
500 878 1
501 727 5
501 853 10
501 856 5
501 919 3
501 945 10
502 787 10
502 803 6
502 915 1
503 524 10
503 757 7
505 666 5
505 773 1
505 812 9
505 864 4
506 697 5
506 860 2
506 903 6
506 920 4
506 940 7
506 971 9
507 703 7
507 840 1
508 624 2
508 697 9
508 731 10
508 751 8
508 990 6
508 999 8
509 635 4
509 684 4
509 823 3
509 935 10
510 566 1
510 890 7
510 959 7
511 553 7
511 594 6
511 740 6
511 785 8
511 840 8
511 993 4
512 539 6
512 636 3
512 719 8
512 776 1
512 858 2
512 951 10
512 967 8
513 538 10
513 807 5
514 626 4
514 677 6
514 684 4
514 731 2
514 809 6
514 955 1
515 563 10
515 604 9
515 750 1
515 882 4
515 998 9
516 810 6
516 838 3
516 844 5
516 940 8
516 974 10
517 553 1
517 615 6
517 619 8
517 719 1
517 768 6
517 800 3
517 831 8
518 639 9
518 660 1
518 874 3
520 580 5
520 818 2
520 959 7
521 542 3
521 688 9
521 917 2
521 980 10
523 588 10
523 700 3
523 758 9
524 637 5
524 656 6
524 742 2
524 932 5
524 973 10
524 976 7
525 528 8
525 590 6
525 718 3
526 619 9
526 919 8
526 926 7
527 536 8
527 861 9
528 543 5
528 576 8
528 579 5
528 628 1
528 729 8
528 892 6
528 921 2
528 974 7
529 585 1
529 632 7
529 674 3
529 778 10
529 799 8
529 847 6
529 945 6
529 990 7
530 563 7
531 730 9
532 815 6
532 911 9
532 938 9
533 720 8
533 727 7
533 829 10
533 874 2
533 994 2
534 662 1
534 798 4
534 911 7
534 964 6
535 559 10
535 914 4
535 951 5
536 761 2
536 847 7
537 726 4
537 804 2
537 843 2
537 881 2
537 892 3
538 550 8
538 648 9
538 703 2
538 704 5
538 851 3
539 682 4
539 811 4
539 874 7
540 669 8
540 680 10
541 583 3
541 762 4
541 880 3
541 900 3
541 932 5
542 583 2
542 595 5
542 631 2
542 702 8
542 748 1
542 770 3
542 785 10
542 849 9
543 598 2
543 719 8
543 827 1
543 982 7
544 705 4
544 788 1
545 682 4
545 719 8
545 751 3
545 811 5
545 855 7
546 578 10
546 794 3
546 848 7
547 594 8
547 623 2
547 870 10
547 871 4
547 908 10
548 615 5
548 712 8
548 793 4
548 907 6
549 670 8
549 684 10
549 710 3
549 971 3
549 983 9
550 553 8
550 643 4
550 647 3
550 722 10
550 743 10
550 873 6
550 995 5
551 573 10
551 588 7
552 573 5
552 634 1
552 694 8
552 872 6
552 896 5
552 913 8
552 948 10
553 571 9
553 798 5
553 920 10
553 921 2
553 931 9
554 745 6
555 855 7
555 932 8
556 597 1
556 662 9
556 713 10
556 840 10
556 913 9
556 917 7
557 794 6
557 838 1
557 864 6
558 727 9
559 708 10
559 715 7
559 883 8
560 578 7
560 602 10
560 636 8
560 644 9
560 692 3
560 716 10
560 770 4
560 916 1
560 941 6
560 949 8
561 595 5
562 658 8
562 698 10
562 712 1
562 828 10
563 575 5
563 616 4
563 736 6
563 767 1
563 783 8
563 936 1
564 568 2
564 861 4
565 633 9
565 967 6
566 610 9
566 915 5
566 952 6
567 838 4
567 869 2
568 620 8
569 640 2
569 792 3
569 816 9
569 932 5
569 949 3
569 952 4
570 777 10
570 968 10
570 972 10
571 941 1
572 595 10
572 756 6
572 769 8
572 938 3
573 617 6
573 634 5
573 857 1
573 889 2
573 926 6
574 582 5
574 682 5
574 780 6
575 708 9
575 828 9
575 845 2
575 871 6
575 917 5
575 983 1
576 582 10
576 799 7
576 835 4
576 861 8
576 924 10
577 943 9
578 668 2
578 712 9
578 832 7
578 864 8
578 907 6
578 972 4
579 664 1
579 839 8
580 710 3
580 818 4
580 918 6
580 977 1
581 635 6
581 711 2
581 812 9
582 730 8
582 784 9
582 843 6
582 847 2
582 855 7
583 729 7
583 835 3
583 938 8
584 810 1
585 660 10
586 664 2
586 826 3
586 835 2
586 885 6
586 938 9
586 960 2
587 734 3
587 794 10
587 881 6
588 600 8
588 791 3
588 994 3
589 610 4
589 696 6
589 776 1
590 664 1
590 753 6
591 619 3
591 735 2
591 986 6
592 765 10
593 662 4
593 678 9
593 701 8
593 715 5
593 802 1
593 830 7
593 838 8
594 651 1
594 691 2
594 879 9
594 895 3
594 932 5
594 967 7
594 987 1
595 820 2
595 890 4
595 991 7
596 682 9
596 705 8
596 858 5
596 935 9
596 940 4
597 870 4
597 880 7
598 750 5
598 843 2
598 907 1
598 946 5
598 956 7
598 994 8
599 609 1
599 736 2
599 898 7
599 927 9
600 604 1
600 649 2
601 735 4
601 757 7
601 777 7
601 814 4
601 878 1
601 918 6
602 984 9
603 752 5
603 821 1
604 915 5
604 935 4
604 986 6
605 673 4
605 938 8
606 695 4
606 984 1
607 658 9
607 723 6
608 628 6
608 666 4
608 677 8
608 748 2
608 816 4
608 868 2
608 892 3
608 904 6
609 659 10
609 661 7
609 895 3
609 929 5
610 629 7
610 637 5
610 721 7
610 734 6
610 805 2
610 818 7
611 786 8
612 931 10
612 986 5
613 692 1
613 701 4
613 781 7
613 931 6
614 788 4
615 723 1
615 741 3
615 771 2
615 777 10
615 837 2
615 873 7
615 900 6
615 961 8
616 638 3
616 863 8
617 632 6
617 898 2
617 974 9
618 664 10
619 638 4
619 867 2
619 914 10
620 898 5
621 742 3
621 887 2
622 632 2
622 818 6
622 824 6
622 959 4
623 666 2
623 669 7
623 672 5
623 721 9
623 754 10
623 810 2
623 811 5
623 827 2
623 917 8
624 751 5
624 775 6
624 820 7
624 880 2
624 905 8
624 924 10
625 721 7
625 857 4
625 863 7
626 642 8
627 848 6
627 909 8
628 637 5
628 648 2
628 705 9
628 751 9
628 754 5
628 794 3
628 924 3
629 781 7
629 900 4
629 952 9
629 966 2
629 999 1
630 714 1
630 969 7
631 720 10
631 945 8
632 681 10
632 717 1
632 800 6
632 932 1
633 745 10
633 749 3
634 938 4
635 784 8
635 835 8
636 898 6
636 920 7
636 948 1
637 776 4
637 886 4
637 990 7
638 869 9
639 694 7
639 927 8
639 984 1
640 702 2
640 800 5
640 849 3
640 873 9
642 648 9
642 690 8
642 725 4
642 794 4
642 800 9
642 853 8
642 894 9
642 915 7
643 672 8
643 753 1
643 809 10
643 847 7
644 657 5
644 736 4
644 800 7
644 870 1
644 984 7
645 943 9
646 771 6
647 676 8
647 712 8
647 772 9
648 682 8
648 855 4
648 867 1
649 761 5
649 780 9
649 791 5
649 811 2
649 918 10
650 665 7
650 805 4
650 837 9
650 877 8
651 701 7
651 849 1
651 920 8
651 998 8
652 665 1
652 713 5
652 803 8
652 904 9
652 919 9
652 967 8
652 976 2
653 656 10
653 665 4
653 723 8
653 872 5
653 962 8
653 983 8
654 665 2
654 898 9
655 699 7
655 704 2
655 712 2
655 797 8
655 998 2
656 697 9
656 802 8
657 893 9
657 917 5
657 969 1
658 686 1
658 781 5
658 788 5
659 669 9
659 708 8
659 817 4
660 786 3
660 826 7
662 789 5
662 870 6
662 917 2
664 912 9
665 751 7
665 931 1
665 955 7
665 969 2
666 938 3
667 673 5
667 814 3
667 871 6
667 951 4
668 704 2
668 793 1
669 765 2
669 782 3
669 915 5
670 714 3
670 739 7
671 831 4
671 902 8
671 938 4
672 673 9
672 679 4
672 887 6
672 921 3
673 753 8
673 816 9
674 913 1
674 984 3
675 843 5
676 697 9
676 776 5
676 879 6
676 998 7
677 840 2
677 879 4
677 898 5
678 778 7
678 854 6
678 855 8
678 909 10
678 956 8
680 719 7
680 800 6
680 824 10
680 890 7
681 748 3
681 756 8
681 875 2
681 879 3
681 936 2
682 762 4
682 765 4
682 986 6
684 805 5
684 879 9
685 697 3
685 814 9
685 980 8
686 688 8
686 703 4
687 827 5
687 920 4
687 942 8
688 690 1
688 787 6
689 771 1
690 705 4
690 756 3
690 767 2
690 799 1
690 929 8
690 980 1
691 881 7
692 699 2
692 728 2
692 773 4
692 890 1
692 920 10
692 984 10
693 874 10
694 708 1
694 709 9
694 752 9
694 842 5
694 909 4
694 952 7
695 748 4
695 869 7
695 952 4
696 756 10
697 839 3
697 865 6
697 878 4
697 971 8
697 973 8
697 983 9
698 896 7
699 745 1
699 811 7
699 829 10
699 931 4
699 960 2
701 827 4
701 931 6
701 996 8
702 709 8
702 925 4
702 931 2
702 947 7
703 876 6
703 879 8
703 992 3
704 715 9
704 724 6
704 793 4
704 924 2
704 969 8
705 758 3
705 954 8
706 782 4
707 899 9
708 719 9
708 744 4
708 872 1
708 915 1
708 972 7
709 748 3
709 825 6
709 896 9
710 784 9
710 931 8
710 991 5
711 945 5
712 739 5
712 768 2
713 727 5
713 759 8
713 869 6
714 752 5
714 889 6
714 921 10
715 752 9
715 801 8
715 964 7
716 780 4
716 883 5
716 992 6
718 829 10
718 882 7
718 950 7
719 828 7
720 731 8
720 809 8
721 775 6
721 901 1
722 758 3
722 849 9
722 893 7
722 899 3
723 824 3
724 726 9
724 804 2
724 986 9
725 773 2
725 788 3
725 862 8
725 943 4
726 787 3
726 868 8
727 757 7
727 767 8
727 778 3
727 839 3
727 933 1
728 858 2
728 976 9
729 867 3
729 916 3
729 941 8
730 847 8
732 758 1
732 798 2
733 769 8
733 838 1
734 952 5
734 995 6
735 749 1
735 798 4
735 807 10
735 810 1
735 820 7
735 834 7
735 896 1
735 918 2
736 750 6
736 773 2
736 818 9
736 892 2
736 926 4
736 968 3
738 747 5
738 761 4
738 822 10
739 755 7
739 866 6
739 912 3
740 770 3
740 859 5
740 876 7
740 968 6
741 757 6
741 780 7
742 843 10
742 855 5
742 862 1
743 790 4
743 795 5
743 864 4
743 888 2
744 862 4
744 926 4
745 927 6
746 973 9
747 881 7
748 808 10
748 825 6
748 827 9
748 864 4
749 804 10
749 853 10
749 905 4
749 942 9
750 910 7
751 945 2
751 947 2
752 944 6
752 980 3
753 936 5
753 942 1
754 828 2
754 886 4
754 972 5
755 772 10
756 786 6
756 822 9
756 926 3
756 932 7
758 840 7
759 824 5
759 941 3
761 823 10
761 849 3
761 891 7
761 956 1
761 987 8
762 768 7
763 857 1
764 841 3
764 862 4
764 887 4
765 952 9
765 965 10
766 874 3
767 833 1
767 906 3
767 972 3
767 982 10
768 854 5
768 978 3
769 772 5
769 786 4
769 828 8
769 837 1
769 838 7
769 892 6
769 893 1
770 787 10
770 877 3
770 925 2
771 791 1
771 947 2
771 975 10
772 807 3
772 819 2
772 913 1
772 987 5
772 998 10
773 918 2
773 973 9
774 978 2
775 829 6
775 975 4
776 836 7
776 887 10
777 793 1
777 857 6
777 891 9
777 971 1
778 801 6
778 972 4
778 973 3
779 934 4
780 820 2
780 907 7
782 832 7
782 918 8
783 811 10
783 821 8
783 914 9
784 815 4
784 878 10
784 929 9
786 816 3
786 989 5
788 904 8
788 957 7
791 808 10
791 843 2
791 857 5
791 972 4
793 797 7
794 834 6
795 875 8
795 938 8
796 798 7
796 937 8
797 876 7
797 897 8
798 991 9
800 835 5
800 968 1
801 854 4
803 804 6
804 865 6
804 944 6
805 857 3
805 886 3
807 840 2
807 915 5
807 981 3
808 833 6
809 860 5
809 878 5
810 933 2
810 939 5
810 986 2
811 871 4
811 932 2
812 960 9
812 971 5
813 872 7
813 908 7
813 911 7
813 916 4
813 974 3
814 984 6
815 989 6
816 838 3
817 932 4
818 912 4
819 828 8
819 830 5
819 946 3
819 990 8
821 896 6
822 913 4
823 861 2
823 869 7
824 827 8
825 883 10
828 973 9
829 883 5
829 920 2
829 967 2
830 874 5
830 900 5
831 955 10
832 901 3
836 925 8
836 984 4
838 864 8
838 952 10
838 979 4
839 973 1
841 913 8
842 908 4
842 975 1
845 929 4
846 958 4
848 928 10
850 867 9
850 958 10
850 980 5
852 950 7
853 886 9
854 910 8
854 944 4
854 998 4
855 919 4
855 925 3
856 859 9
856 956 6
857 891 8
857 920 1
857 944 1
857 956 9
857 999 4
858 926 7
858 964 2
860 872 6
861 911 6
862 865 6
862 914 7
864 913 7
865 971 5
868 874 7
868 896 6
869 878 9
869 919 7
870 917 2
870 954 8
870 973 7
871 909 1
871 980 2
872 975 10
873 881 7
873 888 3
873 923 3
873 935 3
874 942 6
875 978 7
877 888 4
877 889 5
877 986 4
878 951 2
879 918 1
879 921 10
879 970 8
880 905 1
880 944 8
881 936 4
886 892 3
886 932 2
887 943 5
888 929 3
890 970 7
891 934 3
891 961 5
894 941 5
897 968 6
899 946 2
899 957 8
900 955 8
900 991 10
901 933 1
902 978 6
903 993 7
904 910 9
908 913 8
909 957 2
911 913 10
911 945 1
912 945 9
913 967 7
919 930 8
919 949 2
921 968 2
921 975 8
924 976 7
926 933 4
929 931 8
929 957 4
929 979 7
930 951 2
932 996 9
936 972 6
945 989 10
951 967 10
953 999 10
954 966 10
959 971 5
963 972 4
968 999 4
971 995 1
973 991 8
978 993 6
983 988 7
989 996 7
