0 299

193 103 144 254 88 281 42 120 286 56 98 242 282 128 125 31 263 94 9 23 134 14 267 137 275 19 278 99 63 226 

138 153
45 192
163 173
74 298
184 240
50 265
67 233
248 296
6 79
7 67
54 164
34 169
172 249
44 240
166 269

171 268
101 194
239 255
11 25
208 226
130 292
243 259
177 216
66 221
10 73
146 210
216 246
229 240
28 179
43 265

0 80 1
0 81 2
0 88 9
0 162 3
0 179 2
0 182 2
0 197 8
0 210 8
0 255 7
0 256 4
0 262 5
0 282 9
0 287 7
1 28 3
1 40 1
1 83 2
1 153 7
1 155 8
1 156 9
1 201 3
1 216 6
1 246 3
2 42 5
2 94 2
2 129 5
2 139 5
2 157 2
2 170 3
2 279 8
2 293 6
3 46 2
3 144 4
3 193 6
4 42 6
4 79 7
4 107 10
4 156 10
5 16 1
5 29 1
5 136 6
5 167 5
5 175 6
5 184 8
5 239 1
5 280 9
6 34 6
6 79 3
6 97 9
6 134 7
6 177 6
6 194 10
7 16 5
7 36 9
7 37 10
7 45 2
7 67 8
7 70 2
7 87 6
7 137 10
7 141 6
7 158 3
7 166 1
7 260 5
8 24 7
8 52 1
8 113 3
8 177 6
8 197 7
9 69 10
9 86 4
9 92 7
9 94 4
9 121 8
9 186 8
9 239 4
9 254 6
9 295 3
10 73 8
10 93 5
10 126 4
10 235 4
11 25 1
11 63 8
11 64 3
11 76 2
11 158 5
11 181 2
11 229 4
12 33 10
12 67 10
12 86 9
12 122 6
12 125 5
12 127 1
12 140 3
12 147 3
12 175 8
12 176 4
12 194 2
12 232 9
12 233 8
12 240 8
12 255 7
13 20 5
13 56 1
13 76 7
13 115 5
13 117 1
13 125 5
13 148 3
13 174 5
13 184 7
13 199 1
13 253 9
13 259 5
14 42 7
14 96 3
14 103 2
14 107 8
14 129 2
14 151 5
14 263 4
14 268 9
14 291 9
15 42 10
15 77 2
15 160 4
15 163 7
15 171 6
15 208 6
15 238 9
16 64 4
16 93 5
16 101 10
16 121 7
16 157 9
16 162 8
16 257 3
17 71 8
17 77 4
17 117 4
17 124 2
17 157 3
18 45 3
18 73 10
18 119 1
18 128 8
18 171 10
18 193 4
18 196 10
18 208 4
18 261 4
19 78 9
19 91 2
19 114 3
19 115 7
19 277 7
20 73 5
20 86 1
20 105 10
20 120 8
21 34 9
21 43 9
21 59 5
21 93 9
21 109 3
21 127 5
21 131 10
21 141 6
21 153 1
21 154 6
21 181 7
21 186 4
21 190 8
21 211 5
21 241 5
21 284 10
21 294 2
21 298 5
22 98 10
22 136 4
22 185 4
22 239 8
22 244 3
23 63 7
23 95 10
23 130 5
23 137 8
23 249 1
24 65 8
24 102 6
24 182 4
25 56 10
25 243 5
25 284 4
26 65 9
26 81 8
26 88 9
26 110 7
26 112 8
26 115 5
26 132 8
26 149 4
26 181 5
26 189 6
26 232 2
27 109 6
27 152 1
27 178 3
28 33 3
28 38 7
28 91 4
28 111 8
28 179 4
28 182 9
28 198 6
28 210 3
28 270 4
29 40 7
29 110 7
29 170 7
30 77 4
30 97 10
30 115 10
30 119 2
30 123 8
30 125 5
30 158 3
30 169 10
30 268 4
30 286 9
31 58 3
31 67 4
31 97 8
31 99 5
31 118 9
31 146 2
31 239 3
32 36 7
32 58 4
32 69 7
32 96 5
32 123 9
32 143 4
32 151 3
32 162 1
32 185 2
32 221 4
32 257 7
32 262 7
32 276 9
32 297 6
33 64 5
33 98 8
33 104 9
33 118 5
33 146 10
33 199 10
33 222 4
33 243 5
33 256 3
34 169 5
34 194 6
34 241 2
34 287 10
35 117 6
35 159 7
35 182 7
35 280 3
35 288 6
36 83 10
36 154 1
36 190 4
36 230 1
36 234 10
36 245 7
36 291 10
37 55 10
37 59 4
37 83 8
37 91 7
37 104 7
37 172 8
37 186 8
37 225 5
38 50 3
38 65 6
38 184 10
38 244 8
39 69 2
39 84 10
39 114 3
39 290 8
40 54 8
40 60 3
40 69 3
40 92 8
40 151 5
40 158 4
40 163 4
40 240 1
40 263 7
40 272 8
40 292 6
40 293 4
41 74 8
41 83 6
41 88 7
41 147 2
41 179 3
41 181 1
41 184 9
41 203 4
41 222 1
41 237 1
41 258 9
41 274 6
41 285 9
41 287 5
42 49 8
42 55 7
42 67 7
42 82 9
42 138 9
42 141 7
42 168 4
43 44 2
43 77 6
43 83 6
43 106 7
43 109 7
43 186 3
43 197 3
43 205 7
43 246 6
43 256 10
43 265 10
43 286 2
43 287 5
44 88 6
44 163 10
44 214 4
44 240 3
45 49 2
45 102 2
45 118 10
45 128 4
45 133 9
45 192 1
45 197 6
46 76 7
46 126 9
46 160 9
46 180 3
46 181 2
46 198 7
46 218 2
46 229 10
46 253 5
46 272 5
46 281 10
47 63 2
47 132 2
47 147 5
47 188 6
47 207 8
47 221 5
47 238 5
47 264 4
48 61 9
48 70 8
48 73 5
48 91 5
48 124 1
48 141 3
48 193 2
48 207 5
48 255 4
48 256 7
48 271 2
48 284 6
49 61 1
49 65 6
49 70 6
49 77 8
49 107 7
49 109 9
49 144 1
49 273 9
49 298 1
50 85 10
50 140 7
50 227 4
50 244 9
50 265 1
51 67 2
51 203 3
51 262 8
52 56 6
52 105 8
52 119 5
52 120 3
52 184 4
52 190 3
52 234 1
52 280 3
53 65 3
53 85 10
53 124 9
53 139 7
53 146 1
53 151 3
54 80 8
54 87 8
54 138 4
54 164 5
54 172 3
54 199 5
54 268 1
54 289 8
55 73 10
55 105 1
55 173 10
55 219 8
55 232 4
55 246 7
55 269 3
55 287 7
56 103 7
56 105 1
56 150 9
56 154 1
56 186 3
56 211 7
56 213 10
56 244 3
57 146 10
57 152 8
57 193 4
57 196 4
57 207 2
57 233 9
57 244 6
57 254 5
58 70 9
58 100 6
58 205 5
58 239 3
58 266 8
58 273 3
58 278 7
59 77 6
59 106 5
59 111 1
59 124 5
59 156 9
59 178 7
59 205 9
59 209 5
60 190 2
60 210 1
61 66 10
61 68 6
61 103 9
61 142 8
61 155 8
61 189 1
61 204 4
61 258 10
61 284 10
61 296 9
62 152 1
62 192 3
62 226 2
63 113 1
63 158 6
63 161 4
63 163 10
63 220 1
63 240 4
63 256 2
63 276 3
64 96 5
64 109 6
64 134 3
64 181 1
64 194 1
64 253 5
65 110 2
65 158 2
65 216 3
65 287 7
66 82 6
66 119 2
66 125 4
66 162 9
66 188 4
66 192 6
66 221 2
66 254 6
66 260 7
66 265 1
67 86 3
67 144 1
67 154 7
67 206 7
67 209 9
67 233 10
67 247 7
67 290 1
68 106 1
68 117 2
68 195 7
68 198 1
68 216 7
68 220 9
69 117 9
69 189 3
69 212 8
69 263 4
69 276 4
70 78 3
70 86 7
70 126 10
70 133 6
70 143 7
70 170 2
70 171 4
70 177 10
70 188 1
70 240 9
70 250 7
71 118 9
71 119 9
71 201 3
72 108 7
72 122 5
72 203 2
72 215 1
72 227 10
72 234 5
73 179 5
73 219 1
73 228 7
74 177 4
74 251 5
74 286 1
74 292 1
74 298 2
75 96 3
75 116 5
75 175 2
75 191 10
75 209 6
75 231 3
75 240 2
75 256 5
75 284 6
75 287 3
76 150 6
76 155 10
76 182 2
76 216 3
76 222 9
76 248 1
76 258 10
77 97 3
77 259 5
77 267 5
77 273 5
77 286 5
78 148 10
78 166 3
78 190 2
78 237 3
78 268 6
78 270 4
78 297 3
80 127 7
80 179 3
80 230 2
80 263 5
80 278 9
82 206 1
82 239 1
83 155 9
83 157 10
83 158 5
83 230 1
83 239 8
83 249 3
83 258 3
84 98 10
84 212 3
84 259 9
85 139 10
85 187 5
85 271 10
86 102 5
86 171 8
86 185 7
86 248 3
86 262 2
87 147 3
87 256 7
88 95 4
88 142 2
88 160 2
88 181 5
88 182 4
88 206 1
88 220 9
88 233 4
88 291 8
89 127 7
89 140 9
89 156 1
89 202 7
89 208 1
89 243 8
89 261 7
89 264 4
90 120 9
90 153 10
90 157 9
90 178 4
90 217 10
90 267 9
90 275 3
90 286 2
91 95 3
91 100 2
91 118 3
91 122 1
91 131 1
91 186 3
91 250 5
91 256 7
92 105 9
92 119 5
92 144 7
92 233 9
92 277 8
93 168 7
93 181 8
93 256 9
94 98 3
94 203 1
94 246 8
95 97 9
95 226 9
95 277 6
96 117 9
96 126 2
96 127 10
96 146 6
96 176 6
97 122 8
97 194 2
97 226 10
98 159 7
98 186 3
98 196 6
98 222 6
98 299 6
99 168 6
99 176 8
99 181 7
99 185 9
99 186 5
99 190 8
99 205 6
99 222 5
100 107 5
100 109 6
100 153 6
100 168 8
100 170 5
100 203 8
100 224 7
100 282 4
101 121 3
101 151 10
101 168 1
101 185 6
101 194 4
101 251 5
101 298 4
102 140 9
102 156 2
102 158 1
102 203 2
102 205 6
102 269 8
103 112 9
103 161 6
103 248 6
103 256 1
104 115 6
104 126 5
104 144 3
104 173 8
104 220 1
104 261 5
105 122 2
105 156 9
105 194 7
105 237 4
106 115 4
106 130 6
106 244 4
107 127 9
107 182 1
107 280 4
108 122 3
108 171 3
109 133 7
109 165 6
109 167 9
109 173 2
109 186 1
109 207 9
109 222 1
109 235 9
109 237 2
109 244 8
109 279 3
110 116 4
110 120 1
110 152 1
110 234 5
110 236 2
110 238 10
110 256 6
110 268 10
110 286 5
111 128 1
111 197 3
111 198 6
111 223 6
112 115 6
112 125 1
112 128 4
112 199 7
113 125 4
113 148 2
113 209 10
113 211 4
113 281 1
114 142 1
114 146 1
114 153 5
114 291 8
115 176 5
115 180 4
115 195 8
115 203 10
115 210 9
116 159 6
116 197 7
116 288 6
117 127 2
117 196 4
117 217 4
117 244 6
117 295 7
118 123 7
118 158 2
118 196 7
118 229 2
118 276 6
119 126 6
119 148 1
119 170 10
119 177 5
119 226 10
119 288 9
119 290 8
120 199 5
120 265 3
121 197 10
121 242 9
121 263 10
122 136 8
122 151 5
122 178 2
122 194 9
122 280 9
122 281 5
123 131 1
123 249 1
124 136 7
124 142 10
124 192 10
124 218 3
124 219 1
124 222 3
125 163 6
125 166 5
125 232 6
125 267 4
125 290 1
126 143 3
126 192 5
126 193 5
126 212 5
126 234 7
127 135 6
127 145 4
127 160 4
127 203 4
127 209 4
127 298 4
128 188 4
128 232 5
128 240 1
128 286 1
129 163 8
129 166 2
129 227 4
129 248 9
129 273 9
130 138 7
130 177 7
130 194 7
130 230 1
130 263 5
130 279 9
130 292 2
131 158 4
131 161 6
131 163 9
131 214 6
131 288 3
132 136 6
132 298 10
133 195 6
134 157 7
134 190 3
134 196 5
134 239 1
134 247 8
135 149 9
135 155 10
135 181 5
135 220 9
135 234 9
135 255 10
135 287 6
136 164 8
136 175 3
136 210 6
136 219 7
137 138 2
137 159 10
137 168 3
137 220 2
137 241 4
137 243 10
137 270 3
138 153 6
138 193 2
138 206 6
139 169 4
139 174 2
139 200 3
139 208 1
139 254 5
140 143 2
140 146 5
140 195 4
140 199 4
140 231 4
140 240 2
140 258 7
141 179 3
141 201 2
141 294 7
142 201 10
142 227 4
142 238 2
143 144 6
143 164 9
143 221 9
143 270 9
144 154 2
144 160 8
144 226 2
144 234 5
144 290 5
145 152 8
145 195 7
145 211 5
145 257 7
145 286 7
146 190 6
146 210 9
146 271 1
146 272 2
147 160 6
147 193 4
147 199 8
147 203 2
147 209 7
148 159 4
148 196 4
148 284 9
149 185 8
149 197 10
149 279 7
150 222 6
150 269 4
150 286 10
150 297 1
151 180 3
151 193 8
151 216 10
151 222 2
151 281 9
151 288 10
151 298 8
152 168 8
152 195 6
152 277 1
152 287 9
152 290 2
153 174 9
153 202 2
153 205 7
153 224 7
153 254 5
153 269 7
153 297 10
154 160 4
154 170 10
154 182 7
154 233 9
154 236 4
154 247 1
154 288 3
154 292 5
155 222 4
155 256 9
156 170 6
156 175 7
156 239 8
156 246 10
156 283 4
156 293 6
156 295 6
157 159 4
157 179 2
157 194 1
157 208 5
157 226 2
157 236 10
157 244 7
157 261 2
157 279 2
158 167 8
158 235 5
158 270 6
158 277 5
158 288 9
159 168 1
159 169 6
159 186 7
159 214 10
159 277 6
159 282 10
160 184 8
160 185 10
160 189 7
160 194 6
160 284 1
161 209 7
162 207 7
163 172 3
163 173 9
163 196 10
163 241 6
163 244 8
164 176 7
164 203 5
164 207 5
165 172 1
165 251 1
166 175 2
166 189 9
166 269 5
167 185 8
167 209 6
167 221 5
167 226 7
168 190 6
168 229 1
169 215 1
170 203 7
170 220 6
170 231 7
170 248 1
170 276 8
171 188 4
171 195 4
171 226 8
171 262 1
171 268 2
171 283 7
172 208 1
172 216 1
172 221 5
172 249 6
172 298 1
173 184 10
173 193 1
173 203 10
175 254 3
175 258 6
176 181 8
176 298 9
177 192 5
177 205 6
177 207 8
177 216 7
177 218 4
177 241 2
177 272 4
177 278 6
178 182 8
178 191 7
178 228 1
178 260 6
178 270 5
178 275 7
178 286 1
179 186 2
179 223 10
179 242 10
179 261 6
180 193 10
180 213 6
180 265 4
180 297 6
181 188 1
181 203 3
181 210 7
181 249 4
181 276 4
181 284 10
182 185 8
182 197 5
182 219 3
182 268 8
182 270 7
182 284 2
183 265 8
184 201 8
184 209 6
184 240 7
184 246 6
184 267 1
184 282 7
185 206 10
185 218 10
185 286 10
185 291 1
186 227 4
186 247 10
186 250 8
186 269 9
187 230 7
187 277 8
188 218 3
188 238 2
188 292 6
189 220 1
189 232 7
189 243 1
189 270 10
189 277 10
189 287 2
190 206 6
190 219 4
190 233 1
190 237 4
190 239 4
190 271 2
190 272 5
191 199 2
192 253 6
192 260 2
192 262 8
192 270 3
193 214 9
193 221 1
193 241 8
193 246 4
194 238 8
194 284 8
195 240 5
195 270 8
196 198 10
196 246 3
196 268 10
196 275 3
196 276 9
197 251 2
197 267 10
197 284 3
198 279 9
198 283 8
199 200 8
199 231 7
199 235 8
201 265 4
202 296 4
203 248 10
203 279 1
203 291 10
204 284 9
205 242 9
205 283 1
206 231 9
206 232 4
206 287 1
207 210 9
207 225 1
207 232 6
207 296 2
208 226 5
208 244 9
209 218 1
209 249 10
210 217 8
210 258 4
211 217 3
211 227 6
211 260 6
212 216 8
212 287 5
213 287 6
214 229 1
215 281 4
216 221 4
216 246 9
216 276 1
216 296 9
217 231 7
217 235 2
217 240 10
217 251 3
218 226 3
218 275 3
219 243 1
219 255 3
219 291 10
220 245 6
220 249 7
221 229 3
221 273 5
221 276 4
222 239 8
223 238 10
223 265 2
223 272 9
223 283 5
224 226 2
225 262 4
225 279 5
226 251 9
226 264 8
227 228 6
227 246 7
227 271 10
227 296 9
228 239 6
228 276 8
229 240 4
229 255 4
229 294 10
230 241 6
230 280 3
231 256 6
231 276 9
232 233 10
232 252 10
233 266 6
236 261 1
237 253 10
239 255 9
239 269 4
239 270 8
241 255 9
241 256 6
242 267 8
242 280 3
243 259 6
243 282 9
244 258 4
245 255 8
247 268 6
248 255 7
248 288 5
248 296 8
249 263 10
250 253 1
251 258 5
253 286 5
255 261 8
255 294 8
256 284 1
260 261 8
261 268 5
261 291 6
262 298 1
264 268 6
265 297 2
265 298 10
266 275 9
266 296 5
267 276 7
268 274 6
268 278 6
268 284 2
268 288 6
268 299 6
270 279 10
270 286 2
273 297 8
276 277 3
280 291 7
283 294 3
289 290 5
