0 299

229 262 289 164 277 150 110 221 10 230 197 257 1 126 260 265 160 151 26 224 198 144 149 68 15 71 251 276 7 175 

8 124
118 271
46 287
221 263
7 143
99 129
10 152
98 168
83 215
198 256
97 211
67 140
216 285
73 215
38 164

101 225
37 238
54 101
158 187
49 281
127 224
72 160
5 276
164 290
104 231
151 289
29 173
168 283
217 264
39 70

0 16 1
0 17 5
0 25 4
0 86 4
0 118 2
0 169 7
0 180 4
0 198 10
0 216 10
0 249 1
0 268 2
0 282 3
0 297 5
1 4 6
1 24 1
1 35 1
1 105 7
1 258 5
1 262 6
2 18 5
2 97 8
2 174 3
2 199 8
2 222 9
2 248 9
2 275 6
2 293 8
3 9 1
3 20 6
3 68 3
3 101 3
3 132 3
3 222 1
3 224 7
3 230 2
3 239 8
3 259 1
3 276 1
3 277 2
4 31 9
4 56 10
4 61 4
4 142 8
4 181 7
5 41 3
5 122 10
5 179 8
5 213 6
5 225 10
5 232 7
5 249 3
5 261 7
5 276 6
6 88 8
6 120 8
6 163 9
6 200 3
6 204 3
6 264 5
6 276 10
6 283 8
7 51 2
7 68 1
7 84 1
7 85 3
7 111 2
7 143 6
7 157 4
7 181 4
7 189 7
7 190 10
7 199 4
7 215 4
8 67 9
8 124 9
8 126 9
8 162 7
8 173 8
8 188 10
8 195 7
8 217 6
8 247 6
8 299 6
9 44 8
9 243 5
9 258 5
9 262 5
9 285 6
10 71 10
10 90 10
10 100 3
10 109 3
10 141 5
10 152 9
10 161 3
10 170 2
10 219 1
10 270 2
10 285 2
11 16 5
11 43 8
11 89 2
11 192 2
11 230 10
11 259 3
11 264 6
12 25 4
12 31 3
12 122 5
12 146 2
12 148 5
12 192 1
12 214 1
12 243 10
12 248 10
12 254 5
12 258 1
12 291 7
13 19 6
13 29 1
13 39 1
13 47 5
13 64 7
13 86 6
13 99 10
13 105 10
13 129 10
13 148 10
13 161 4
13 196 10
13 218 8
13 221 8
14 15 1
14 54 8
14 72 9
14 116 8
14 122 10
14 126 1
14 150 3
14 215 9
14 247 8
15 70 9
15 94 9
15 133 1
15 137 10
15 156 6
15 199 1
15 239 3
15 245 6
15 248 7
15 269 10
15 284 6
16 49 5
16 81 8
16 100 9
16 112 9
16 157 7
16 206 10
16 227 4
16 236 1
16 255 3
16 297 3
17 36 2
17 41 7
17 49 8
18 122 5
18 137 1
18 180 4
18 199 10
18 261 5
19 173 1
19 202 3
19 212 3
19 235 2
19 244 2
19 263 6
19 292 6
19 298 4
20 69 8
20 93 9
20 98 2
20 123 1
20 176 6
20 196 7
20 240 4
20 273 2
20 290 2
20 291 3
21 52 3
21 83 7
21 87 3
21 198 10
22 43 10
22 62 9
22 89 3
22 105 8
22 131 6
22 145 9
22 168 8
22 205 5
23 37 3
23 47 7
23 57 5
23 73 7
23 124 2
23 128 6
23 138 6
23 172 9
23 181 10
23 188 10
23 211 5
23 256 3
24 104 9
24 128 6
24 146 10
24 243 5
24 267 6
24 278 4
24 283 9
25 43 10
25 58 2
25 112 10
25 170 8
25 238 4
25 247 5
25 267 8
25 287 3
25 294 3
26 29 2
26 154 2
26 167 4
26 214 3
26 227 3
26 228 5
26 267 7
27 61 3
27 126 2
27 158 6
27 193 1
27 209 5
27 294 10
28 38 9
28 154 8
28 211 8
28 254 4
29 33 2
29 107 6
29 114 4
29 162 1
29 173 7
29 254 7
29 261 8
29 290 10
30 106 3
30 127 5
30 153 7
30 159 4
30 177 7
31 36 9
31 127 7
31 134 1
31 219 9
31 221 2
31 268 8
31 284 2
32 53 9
32 114 4
32 142 7
32 148 10
32 161 6
32 173 3
32 177 8
32 212 2
32 229 6
32 246 2
33 35 1
33 70 2
33 108 4
33 133 2
33 174 3
33 187 8
33 270 7
33 288 4
34 35 2
35 39 8
35 56 2
35 59 4
35 113 4
35 176 6
35 252 6
36 40 3
36 50 4
36 52 9
36 86 10
36 171 2
36 207 7
36 230 8
36 247 7
37 45 4
37 75 5
37 111 10
37 112 1
37 115 10
37 146 2
37 160 5
37 226 9
37 238 3
37 259 2
38 47 2
38 108 9
38 126 7
38 164 1
38 196 3
38 236 10
39 54 3
39 56 8
39 70 4
39 72 5
39 107 3
39 110 10
39 149 9
39 179 3
39 194 8
39 278 9
39 292 6
39 297 1
40 48 4
40 74 7
40 110 7
40 118 4
40 120 6
40 139 5
40 143 9
40 231 9
40 285 10
41 64 2
41 93 1
41 109 9
41 123 4
41 132 7
41 160 9
41 170 1
41 184 7
41 242 6
41 263 2
41 278 8
42 284 1
43 108 6
43 189 2
43 193 10
43 272 4
43 291 6
44 146 6
44 204 10
44 254 3
44 291 6
44 298 3
45 112 5
45 124 5
45 145 8
45 202 9
46 72 4
46 102 3
46 118 3
46 136 9
46 141 6
46 168 6
46 197 2
46 269 10
46 287 2
47 82 8
47 174 4
47 185 6
47 240 7
47 255 2
47 290 7
48 75 6
48 116 8
48 150 4
48 169 9
48 189 10
48 233 10
48 238 8
48 262 10
48 287 10
48 297 3
49 85 6
49 240 9
49 267 6
49 281 9
49 299 6
50 62 7
50 129 1
50 146 4
50 296 10
51 142 7
51 169 6
51 233 1
51 269 6
51 278 4
52 73 8
52 75 1
52 80 4
52 91 4
52 97 7
52 105 2
52 140 9
52 146 7
52 161 10
52 175 2
52 206 3
52 234 2
52 250 7
52 283 1
53 66 8
53 97 10
53 137 9
54 80 1
54 100 5
54 101 5
54 128 4
54 150 9
54 185 9
54 217 2
54 291 2
55 74 2
55 176 2
55 281 5
56 79 1
56 265 7
56 274 5
57 95 4
57 119 7
57 241 3
57 272 1
58 154 4
58 286 3
59 83 2
59 113 5
59 136 6
59 194 4
59 199 10
59 287 4
60 113 8
60 134 4
60 139 6
60 166 5
60 235 5
60 238 7
60 277 4
60 283 3
61 194 4
61 204 10
61 219 3
61 242 5
61 276 2
61 282 10
61 298 4
62 74 4
62 183 8
62 197 4
62 216 9
62 221 9
62 229 5
62 296 1
63 112 8
63 117 3
63 136 9
63 298 8
64 128 9
64 137 6
64 148 9
64 173 1
64 204 8
64 281 4
65 105 8
65 126 2
65 258 7
66 83 3
66 126 3
66 139 9
66 170 6
66 232 9
66 260 5
66 274 10
66 297 4
67 117 3
67 140 10
67 146 6
67 190 9
67 219 5
67 235 6
67 247 4
67 248 8
67 249 2
67 251 10
67 252 10
68 159 6
68 161 10
68 271 1
69 123 9
69 191 10
69 258 2
70 72 6
70 93 1
70 113 4
70 121 3
70 135 9
70 144 2
70 145 1
70 159 4
70 191 3
70 256 4
70 276 6
70 278 5
70 282 1
71 77 4
71 155 10
71 227 6
71 252 4
71 283 8
72 74 5
72 160 10
72 165 5
72 185 3
72 201 10
73 118 3
73 189 6
73 196 8
73 215 6
74 80 1
74 90 6
74 208 4
74 259 7
75 107 5
75 131 5
76 89 1
76 125 5
76 154 10
76 201 10
76 236 1
77 85 2
77 91 4
77 147 3
77 219 4
77 274 9
78 112 4
78 220 4
78 226 3
78 228 7
79 129 5
79 134 7
80 128 1
80 131 1
80 224 1
80 230 8
80 242 2
80 263 5
80 281 3
81 100 4
81 147 5
81 181 10
81 292 5
82 84 8
82 88 4
82 122 10
82 159 9
82 215 6
83 137 1
83 161 3
83 215 2
83 220 5
83 222 8
83 224 7
83 225 9
83 262 2
84 103 6
84 128 9
84 132 9
84 170 7
84 180 7
84 200 6
84 201 10
84 212 10
84 214 1
84 234 9
84 255 7
85 112 7
85 115 6
85 133 7
85 277 9
85 281 7
86 177 6
86 193 7
86 199 1
86 255 7
87 96 9
87 108 2
87 172 9
87 215 10
87 219 8
87 262 10
88 93 8
88 120 8
88 130 8
88 131 10
88 152 8
88 168 2
88 179 8
88 242 6
88 253 4
88 273 8
89 107 8
89 143 4
89 181 9
89 195 4
90 125 7
90 197 2
90 210 10
90 242 3
90 265 8
90 276 9
90 288 5
90 292 8
91 97 4
91 141 10
91 253 9
91 285 9
92 93 3
92 106 10
92 152 10
92 210 9
92 282 8
92 295 2
93 121 10
93 122 5
93 137 1
93 155 3
93 230 10
93 232 6
93 274 7
93 298 2
94 131 10
94 188 2
94 209 3
94 215 5
94 247 6
94 252 2
95 102 9
95 191 6
95 294 3
96 119 5
96 155 1
96 171 4
96 186 10
96 190 10
96 196 1
96 204 4
96 209 9
96 237 10
96 241 8
96 259 2
96 264 9
96 296 10
97 99 1
97 152 10
97 166 9
97 168 2
97 211 6
97 232 6
97 298 1
98 107 6
98 168 1
98 216 9
98 229 2
98 232 6
98 233 1
98 238 10
98 251 9
98 255 6
98 290 10
99 129 6
99 146 5
99 167 5
99 197 7
99 198 1
99 239 5
100 155 1
100 212 2
100 214 5
100 222 9
100 298 5
101 169 8
101 197 7
101 225 2
101 248 8
102 106 2
102 255 2
103 121 1
103 172 8
103 196 4
103 232 8
103 256 10
103 283 1
104 139 4
104 140 1
104 176 5
104 185 4
104 186 2
104 200 9
104 204 4
104 229 1
104 231 6
104 254 9
105 135 9
105 145 8
105 167 8
105 231 9
105 239 5
105 254 7
105 272 9
105 274 1
106 129 7
106 142 10
106 162 6
106 190 2
106 200 4
106 292 8
106 295 5
107 140 6
107 151 5
107 204 4
107 217 6
107 229 7
107 250 10
107 298 5
108 142 9
108 173 2
108 184 4
108 258 3
108 262 5
108 278 9
109 115 4
109 120 10
109 139 8
110 111 10
110 119 3
110 133 6
110 169 9
110 193 8
110 212 10
110 223 6
110 236 1
110 251 2
110 298 9
111 113 7
111 122 7
111 133 6
111 235 10
111 277 9
112 162 5
112 282 1
112 292 2
113 230 8
113 258 1
113 282 5
113 292 2
114 195 8
114 230 9
114 248 4
115 158 1
115 169 9
115 175 9
115 191 2
115 221 7
115 231 4
115 256 7
116 152 4
116 196 3
116 226 3
116 231 3
117 129 9
117 134 5
117 169 6
117 183 7
117 218 5
117 263 4
117 264 6
117 270 6
117 276 5
117 284 8
118 139 9
118 140 2
118 156 10
118 157 5
118 167 3
118 263 9
118 265 3
118 271 8
119 220 8
119 291 2
120 136 1
120 173 5
120 236 9
120 255 9
120 272 5
121 205 5
121 206 9
121 258 1
122 211 6
122 257 2
123 162 6
123 188 4
123 233 7
123 255 7
123 267 1
123 273 2
123 284 10
124 228 10
124 248 4
124 251 3
124 253 8
125 216 3
125 282 6
125 286 8
126 185 7
126 204 10
126 247 4
127 141 2
127 224 10
127 278 4
127 298 5
128 147 4
128 163 1
128 191 5
128 232 4
128 234 7
128 265 2
128 274 1
129 163 6
129 222 8
129 226 4
129 227 6
129 288 5
130 143 1
130 169 9
130 184 6
130 235 6
130 278 3
131 132 4
131 172 3
131 180 9
131 188 3
131 203 6
131 258 7
131 285 1
131 287 8
132 221 5
132 286 9
133 199 2
133 207 4
133 241 1
133 248 2
133 286 1
134 206 4
134 230 8
134 239 8
134 256 6
134 260 1
134 263 10
134 297 2
135 282 8
135 292 7
136 151 2
136 217 7
136 260 7
136 270 3
136 289 6
137 149 6
137 150 1
137 269 5
137 272 2
138 146 6
138 151 9
138 202 6
140 196 1
140 220 8
140 235 9
140 260 3
140 278 7
141 154 4
141 180 1
141 212 10
142 150 9
142 208 10
142 261 6
142 279 4
142 297 6
143 154 8
143 199 9
143 227 4
143 248 7
143 255 6
144 170 2
144 242 7
145 183 6
145 187 9
145 272 2
145 284 2
146 152 7
146 154 5
146 228 7
146 253 7
146 259 4
147 178 3
147 189 9
147 195 8
147 196 7
147 212 6
147 242 5
147 263 7
148 157 6
148 237 10
148 288 5
148 293 8
149 183 5
149 263 7
150 177 7
150 192 6
150 222 6
150 251 7
150 256 4
150 274 8
151 248 5
151 276 3
151 289 7
151 297 6
152 202 6
152 205 1
152 226 10
152 265 7
152 290 6
153 197 10
153 269 10
154 168 4
154 268 7
154 280 6
154 283 7
155 220 7
155 223 9
155 227 2
155 246 10
155 252 4
155 294 9
156 157 7
156 161 9
156 185 10
157 160 2
157 212 10
157 242 6
157 248 1
157 270 10
158 187 7
159 191 6
159 209 2
160 170 9
160 283 5
161 258 4
163 175 10
163 187 2
163 263 3
163 272 4
163 293 10
164 183 10
164 290 8
165 188 9
165 194 10
165 197 7
165 229 10
165 239 10
165 256 5
165 289 8
166 169 5
166 189 8
166 236 6
166 251 9
166 265 6
167 204 10
167 214 10
167 217 5
167 230 8
167 232 4
167 238 6
167 252 6
167 257 9
168 241 4
168 242 7
168 251 3
168 255 10
168 277 8
168 278 10
168 283 6
169 298 3
170 217 1
170 220 4
170 273 2
170 288 8
171 207 7
171 259 7
172 217 1
172 242 5
172 264 10
172 289 10
172 295 10
173 185 10
173 191 3
173 208 4
173 213 7
173 263 5
173 273 8
173 274 2
173 289 4
174 178 4
174 185 2
174 271 7
174 289 1
175 226 8
175 231 2
175 262 6
176 188 6
176 189 2
176 196 9
176 223 5
176 265 4
176 272 2
177 235 2
177 284 3
179 229 5
180 242 9
180 247 3
180 277 1
181 200 2
181 282 7
181 285 6
183 187 10
183 193 7
183 197 4
183 217 4
183 220 6
183 243 8
183 294 3
184 261 5
185 188 9
185 262 2
185 295 5
186 187 6
187 230 9
187 283 5
188 217 5
189 201 6
189 241 10
189 248 6
189 269 2
189 276 8
190 193 10
191 199 5
191 248 9
191 291 9
192 227 8
192 274 1
192 287 1
193 214 7
194 252 10
194 254 6
195 198 10
195 223 10
196 280 9
196 293 7
197 240 1
197 275 9
197 288 5
198 207 7
198 256 10
198 270 7
198 286 10
199 200 6
199 226 1
199 227 10
199 255 8
200 258 1
200 282 5
202 220 6
204 210 2
204 272 2
205 217 6
205 296 2
206 241 7
206 284 3
206 288 4
207 292 2
208 210 7
208 272 8
209 224 2
209 252 2
210 230 1
210 271 2
210 274 6
211 220 5
211 235 7
211 295 6
212 244 10
212 291 2
213 273 10
214 217 3
215 282 8
216 224 10
216 229 7
216 232 5
216 285 6
216 292 1
217 264 10
218 252 2
218 258 8
218 291 7
218 298 10
219 270 7
220 269 7
221 226 2
221 250 2
221 263 10
222 246 8
222 255 7
222 263 7
222 269 6
224 237 9
224 260 5
226 248 4
226 279 7
227 241 2
227 271 4
227 292 8
228 275 1
229 243 10
229 263 6
230 233 3
231 278 7
232 290 2
232 293 9
235 247 6
235 261 1
235 290 10
236 252 4
237 295 10
238 244 4
238 246 9
238 252 1
238 256 7
238 263 7
238 291 4
239 242 1
239 253 2
239 278 2
240 270 4
240 279 8
240 280 1
240 284 7
240 285 2
240 286 1
241 272 3
241 283 1
241 288 5
242 286 2
242 296 5
243 255 10
243 273 7
244 252 7
244 289 10
244 290 4
245 293 1
245 294 7
247 277 9
247 280 1
247 283 8
247 295 3
249 292 9
249 297 10
251 287 2
252 260 9
254 261 2
256 272 7
258 263 10
258 276 6
258 281 9
260 267 8
260 276 9
260 287 7
261 269 5
261 273 7
262 293 10
263 292 9
264 281 7
264 292 3
269 272 8
269 274 2
269 292 6
270 282 1
271 296 5
271 299 3
272 278 10
273 280 2
273 297 7
279 291 7
279 292 1
283 289 6
284 294 8
286 295 9
286 296 6
290 299 5
291 299 9
292 298 7
