0 999

592 226 210 760 366 893 998 678 741 402 482 51 70 383 746 531 669 945 767 968 435 514 462 114 535 250 989 810 621 339 115 391 658 314 288 384 975 979 634 323 708 28 521 750 566 317 830 460 444 261 

331 454
153 425
169 742
58 116
120 367
23 299
13 503
74 251
103 963
551 770
222 921
146 748
618 705
403 550
409 669
341 763
580 773
181 651
458 752
602 984
316 492
389 426
66 213
821 896
718 823

388 389
145 194
165 332
717 798
217 709
72 406
177 931
37 286
336 916
369 471
765 853
694 908
855 969
183 431
326 966
717 928
397 849
383 818
221 632
581 720
149 470
254 490
645 812
361 657
19 525

0 78 9
0 81 8
0 107 9
0 308 3
0 354 2
0 382 4
0 503 4
0 566 9
0 598 4
0 657 1
0 679 3
0 903 3
0 966 4
1 254 5
1 901 4
2 74 1
2 97 7
2 603 8
2 605 6
2 645 8
3 84 4
3 171 10
3 227 10
3 241 5
3 288 3
3 340 6
3 451 2
3 501 5
3 518 4
3 545 8
3 571 1
3 737 8
3 840 10
4 202 8
4 210 3
4 261 5
4 425 1
4 680 8
4 708 1
4 745 8
4 963 6
5 32 3
5 156 2
5 201 7
5 349 5
5 416 3
5 538 7
5 554 6
5 568 1
5 596 5
5 680 3
5 738 1
5 755 2
5 842 6
5 935 9
6 273 3
6 292 2
6 341 10
6 369 8
6 375 10
6 792 9
6 797 2
6 842 9
6 969 10
7 114 1
7 332 7
7 342 3
7 430 6
7 516 9
7 533 4
7 556 6
7 631 3
7 686 7
7 892 3
8 45 4
8 268 9
8 616 7
8 623 10
8 632 1
8 708 2
8 725 5
8 748 6
8 813 7
8 815 9
8 985 9
9 22 9
9 159 7
9 177 3
9 208 5
9 301 4
9 319 4
9 375 4
9 432 7
9 454 5
9 567 1
9 636 3
9 663 6
9 880 5
9 910 6
9 932 10
10 36 2
10 92 10
10 109 7
10 146 6
10 160 6
10 202 5
10 307 4
10 361 1
10 741 8
10 999 3
11 186 2
11 428 5
11 737 6
12 136 4
12 204 2
12 581 4
12 649 10
12 952 3
13 182 6
13 252 7
13 275 5
13 308 4
13 328 7
13 503 8
13 655 3
13 690 7
13 945 7
13 976 9
14 86 5
14 189 3
14 376 4
14 654 2
14 708 10
14 852 4
14 864 2
14 898 4
15 39 9
15 139 7
15 420 4
15 739 1
15 787 3
15 882 9
16 47 2
16 330 1
16 550 7
16 554 4
16 591 2
16 602 9
16 660 1
16 869 1
16 961 4
17 62 9
17 158 5
17 323 8
17 534 10
17 625 1
17 672 8
17 691 4
17 714 5
17 965 8
17 982 3
18 322 7
18 345 5
18 369 7
18 445 10
18 620 9
18 689 10
18 860 8
18 914 4
18 977 2
18 983 10
19 104 4
19 158 1
19 161 1
19 525 9
19 637 5
19 743 1
19 761 4
19 787 1
19 922 3
19 958 1
20 328 3
20 348 4
20 405 10
20 601 2
20 668 6
20 675 10
20 716 1
20 874 3
20 981 4
21 246 5
21 871 1
22 278 7
22 330 8
22 614 4
22 802 3
22 849 10
23 32 4
23 39 4
23 299 3
23 331 2
23 365 2
23 396 7
23 535 3
23 593 8
23 638 4
23 731 7
23 833 10
23 966 7
24 269 6
24 331 5
24 536 5
24 687 2
24 748 1
25 80 3
25 256 8
25 259 5
25 303 7
25 374 2
25 388 9
25 524 10
25 738 7
26 183 10
26 337 8
26 638 7
26 689 1
26 705 8
26 706 5
26 714 8
26 726 6
26 768 10
26 789 10
26 864 10
26 901 8
26 909 10
26 987 7
27 186 2
27 197 5
27 231 6
27 400 6
27 413 6
27 562 6
27 788 10
27 795 8
28 89 3
28 220 5
28 228 8
28 305 9
28 504 4
28 558 10
28 640 9
28 691 3
28 705 5
28 735 8
28 986 7
29 83 4
29 317 8
29 354 9
29 368 2
29 558 7
29 611 10
29 672 1
29 709 6
29 762 7
29 971 2
30 36 4
30 58 10
30 200 9
30 202 6
30 269 4
30 461 6
30 703 7
31 142 9
31 173 5
31 175 10
31 257 1
31 396 8
31 441 1
31 600 8
31 724 9
31 818 5
31 838 1
31 931 3
32 45 1
32 76 2
32 220 7
32 229 5
32 341 4
32 393 3
32 516 4
32 546 7
32 802 8
33 144 9
33 228 5
33 299 1
33 315 2
33 518 5
33 670 4
33 897 3
33 977 3
34 35 6
34 46 5
34 68 9
34 806 5
35 55 3
35 234 6
35 241 4
35 287 7
35 477 5
35 493 7
35 511 9
35 518 3
35 547 10
35 558 5
35 680 7
35 720 1
35 743 5
35 821 4
36 97 10
36 108 8
36 148 1
36 164 6
36 336 8
36 436 10
36 475 6
36 533 6
36 535 10
36 538 8
36 620 2
36 713 8
36 803 4
36 816 7
37 53 7
37 93 3
37 226 1
37 286 5
37 313 5
38 65 8
38 227 5
38 294 9
38 664 2
38 756 3
38 887 4
39 300 2
39 569 3
39 923 4
39 945 4
39 951 10
40 90 5
40 355 5
40 357 1
40 425 5
40 485 3
40 518 2
40 656 2
40 681 7
40 719 7
40 808 6
40 815 6
40 970 10
40 975 1
41 474 9
42 89 7
42 323 10
42 333 8
42 525 9
42 865 8
42 867 4
43 346 5
43 352 1
44 169 3
44 242 6
44 245 5
44 411 6
44 465 9
44 466 5
44 552 2
44 593 6
44 869 4
44 872 1
44 916 9
44 956 5
45 87 8
45 578 5
46 108 9
46 147 3
46 224 7
46 318 5
46 403 10
46 518 6
46 617 2
46 970 5
46 981 9
47 75 10
47 214 8
47 321 7
47 366 6
47 399 2
47 438 3
47 653 10
47 794 8
47 886 9
47 926 1
48 64 2
48 98 8
48 117 3
48 120 4
48 141 1
48 294 2
48 374 8
48 434 7
48 534 1
48 603 1
48 635 2
48 655 8
48 662 2
48 718 9
48 933 10
48 938 5
49 50 7
49 104 10
49 108 4
49 311 9
49 339 4
49 457 9
49 491 8
49 608 5
49 639 2
49 785 9
49 795 4
49 826 6
49 830 3
49 925 6
50 186 5
50 316 5
50 372 5
50 406 3
50 466 7
50 661 3
50 743 9
50 926 1
50 995 8
51 69 3
51 70 5
51 154 2
51 178 1
51 207 8
51 209 2
51 520 2
51 585 10
51 687 7
51 708 6
51 736 1
51 874 7
52 293 8
52 384 10
52 583 8
52 630 6
52 767 8
52 910 2
52 975 10
53 339 1
53 433 10
53 886 2
53 972 3
54 183 3
54 243 4
54 603 8
54 620 5
54 798 3
54 847 2
54 968 7
55 315 8
55 366 10
55 600 9
55 628 4
55 686 3
55 757 7
56 102 1
56 107 1
56 255 2
56 468 9
56 731 2
56 791 5
56 847 4
57 293 7
57 375 3
57 436 9
57 532 3
57 577 2
57 670 7
57 682 3
57 840 5
57 861 10
58 116 6
58 238 7
58 384 8
58 428 10
58 441 3
58 628 9
58 830 6
59 172 10
59 254 5
59 590 5
59 965 5
60 62 9
60 198 9
60 211 5
60 226 10
60 328 9
60 372 6
60 409 1
60 617 3
60 619 10
60 674 6
60 697 4
60 731 4
60 736 1
60 769 9
60 829 1
60 994 8
61 70 5
61 76 2
61 91 10
61 93 9
61 122 8
61 402 8
61 485 10
61 548 9
61 552 1
61 573 7
61 687 2
61 742 3
61 860 8
61 957 6
62 108 4
62 222 8
62 233 4
62 271 4
62 307 9
62 431 9
62 485 6
62 595 9
62 806 6
62 874 9
63 591 10
63 840 2
64 219 5
64 546 9
65 153 2
65 201 4
65 399 4
65 466 4
65 566 9
65 741 3
65 752 2
65 799 10
65 823 4
65 825 4
65 857 10
66 163 3
66 213 10
66 410 5
66 494 3
66 672 6
66 700 10
67 143 10
67 384 8
67 518 4
67 548 6
67 797 1
68 77 9
68 79 3
68 254 7
68 398 1
68 589 6
68 754 1
68 867 10
68 945 2
68 987 1
69 144 5
69 158 3
69 209 4
69 308 2
69 365 9
69 370 7
69 381 5
69 430 10
69 456 2
69 842 1
69 884 2
69 937 7
69 974 6
70 96 8
70 147 10
70 495 8
70 616 6
70 730 9
70 893 4
71 137 3
71 543 7
71 697 1
71 817 6
71 832 2
71 897 10
72 406 8
72 444 4
72 785 5
73 112 3
73 366 8
73 421 9
73 614 9
73 672 10
73 822 2
73 885 2
73 928 10
74 99 3
74 173 6
74 206 2
74 251 3
74 373 3
74 413 10
74 685 10
74 710 9
74 787 3
74 999 5
75 95 5
75 306 6
75 404 5
75 409 1
75 580 5
75 664 6
75 673 4
75 793 9
75 813 1
75 823 9
75 911 1
76 190 7
76 458 2
76 633 3
76 676 3
76 709 5
77 104 4
77 114 8
77 165 4
77 318 7
77 435 8
77 480 7
77 542 6
77 567 5
77 654 5
77 707 6
77 941 4
78 79 9
78 341 6
78 398 2
78 584 4
78 740 8
78 793 1
78 873 10
78 925 4
78 955 5
79 100 7
79 180 9
79 278 4
79 379 2
79 632 9
79 656 5
79 730 4
79 757 10
79 758 1
79 839 9
80 390 4
80 587 8
80 770 7
80 823 10
81 238 8
81 295 7
81 377 9
81 379 1
81 412 1
81 421 1
81 423 8
81 479 3
81 526 5
81 680 1
81 873 8
81 879 6
82 83 7
82 97 9
82 177 5
82 196 10
82 410 10
82 431 7
82 684 8
82 723 3
82 835 9
82 902 9
82 907 5
82 991 1
83 183 1
83 464 9
83 550 3
83 583 8
83 634 10
83 747 2
83 881 7
84 357 7
84 365 9
84 488 4
84 581 3
84 797 4
84 800 3
84 818 8
84 834 2
84 875 4
84 928 8
85 184 8
85 240 1
85 248 7
85 262 8
85 382 9
85 508 10
85 695 2
85 747 8
85 817 2
85 826 7
86 174 10
86 215 8
86 281 1
86 302 6
86 332 8
86 350 9
86 499 2
86 759 2
86 852 1
86 903 9
87 147 5
87 211 1
87 352 10
87 391 3
87 480 5
87 487 3
87 698 8
87 824 8
87 833 2
87 932 1
87 941 4
88 303 10
88 312 9
88 509 2
88 765 4
88 973 7
89 96 5
89 167 6
89 199 2
89 267 8
89 424 10
89 542 10
89 718 5
89 847 9
89 922 5
90 105 6
90 120 3
90 150 9
90 252 5
90 325 5
90 350 6
90 369 2
90 535 3
90 606 1
90 818 10
90 876 5
90 898 3
90 900 6
91 167 1
91 179 4
91 280 1
91 328 9
91 353 4
91 402 9
91 522 3
91 561 7
91 795 10
91 821 7
91 960 8
92 350 2
92 802 9
92 959 6
93 427 1
93 454 2
93 510 4
93 584 5
93 588 4
93 620 8
93 656 6
93 665 10
94 379 2
94 530 3
94 704 2
94 764 1
94 993 9
95 220 10
95 345 2
95 373 3
95 380 10
95 396 3
95 593 3
95 602 1
95 775 4
95 874 10
95 951 2
95 971 1
96 126 9
96 167 4
96 319 4
96 470 9
96 569 2
96 606 5
96 779 2
96 879 5
96 975 10
97 109 1
97 338 8
97 475 7
97 562 6
97 680 8
97 711 1
97 718 5
97 764 8
97 919 8
98 113 9
98 721 6
98 924 3
99 286 7
99 424 6
99 489 8
99 519 9
99 741 1
99 809 8
99 948 7
100 117 10
100 175 1
100 239 2
100 418 9
100 682 6
100 726 10
100 780 7
100 813 7
100 908 5
101 168 1
101 479 9
101 506 2
101 619 2
101 654 7
101 656 10
101 678 5
101 868 7
102 279 4
102 283 1
102 542 10
102 714 5
102 770 6
102 795 9
102 879 10
102 901 5
102 911 10
102 912 6
102 944 4
103 248 9
103 462 2
103 617 2
103 906 5
103 963 7
103 993 2
104 122 1
104 284 7
104 314 7
104 330 7
104 388 2
104 397 10
104 447 2
104 694 7
104 757 10
104 937 5
105 143 1
105 309 10
105 367 5
105 377 8
105 431 9
105 542 9
105 711 7
105 750 4
105 833 3
105 936 6
105 954 1
105 996 9
106 121 3
106 171 2
106 250 3
106 501 6
106 793 6
106 841 4
106 910 7
106 916 3
107 292 4
107 299 1
107 374 9
107 380 7
107 503 10
107 695 9
107 708 8
108 201 2
108 330 6
108 333 3
108 451 9
108 639 5
108 815 6
108 852 9
108 999 10
109 175 4
109 268 5
109 299 10
109 303 10
109 620 5
109 691 7
109 716 1
109 902 3
110 157 4
110 189 3
110 225 8
110 259 2
110 314 7
110 370 6
110 382 3
110 463 4
110 842 2
110 974 5
111 274 4
111 323 8
111 676 10
111 699 9
112 115 4
112 136 2
112 239 1
112 253 4
112 387 3
112 413 9
112 772 4
113 275 4
113 376 5
113 587 8
113 660 1
113 669 4
113 706 8
113 793 2
113 804 2
114 173 2
114 265 9
114 340 10
114 390 7
114 644 3
114 745 9
114 823 7
114 982 2
114 992 1
115 314 5
115 341 10
115 433 5
115 603 6
115 620 4
115 741 1
115 778 2
115 815 8
115 900 2
115 919 9
115 938 3
115 967 10
116 218 1
116 513 4
116 546 5
116 839 8
116 864 1
116 887 4
116 893 9
116 987 8
117 225 6
117 395 3
117 555 5
117 679 1
117 805 3
117 986 4
118 692 10
118 833 7
118 909 2
118 973 2
119 144 6
119 174 2
119 456 10
119 491 4
119 522 5
119 555 7
119 573 5
119 603 3
119 619 4
119 830 4
119 918 3
119 940 2
119 971 7
120 159 7
120 294 5
120 367 5
120 389 7
120 475 10
120 658 9
120 741 2
120 781 3
120 902 2
120 996 3
121 177 2
121 308 5
121 318 4
121 398 2
121 897 4
122 190 1
122 238 6
122 493 4
122 953 7
123 251 7
123 433 2
123 471 8
123 551 9
123 754 5
123 952 3
124 192 5
124 222 9
124 373 10
124 402 2
124 874 2
125 264 1
125 278 9
125 286 5
125 739 6
125 790 6
125 810 9
126 147 7
126 187 2
126 439 6
126 593 3
126 669 3
127 375 8
127 424 6
127 465 9
127 502 9
127 515 7
127 601 3
127 795 6
127 838 6
127 909 4
127 910 3
127 958 9
128 219 6
128 673 3
128 692 4
128 825 6
128 866 5
129 144 6
129 198 8
129 525 7
129 578 2
130 153 2
130 228 9
130 251 6
130 407 7
130 425 3
130 478 10
130 522 10
130 587 7
130 596 10
130 806 6
130 874 3
130 886 8
130 939 9
131 324 2
131 705 4
131 808 2
132 150 3
132 173 8
132 379 5
132 409 5
132 478 6
132 585 10
132 628 5
132 703 6
132 826 7
132 906 4
132 978 5
133 154 3
133 191 10
133 352 4
133 358 1
133 397 6
133 417 7
133 475 10
133 625 10
133 739 1
133 976 7
134 166 7
134 210 4
134 504 10
134 513 7
134 524 7
134 528 3
134 910 3
134 953 2
134 962 9
134 990 3
135 217 10
135 293 8
135 329 8
135 694 2
135 766 6
135 819 8
135 916 3
135 978 5
136 398 9
136 447 7
136 515 7
136 950 7
137 340 2
137 648 10
137 663 3
137 815 7
137 922 7
138 299 7
138 428 10
138 471 7
138 555 6
138 675 1
139 581 2
139 708 10
139 757 5
139 814 2
139 890 2
140 184 10
140 218 9
140 388 10
140 565 10
140 590 10
140 603 5
140 774 9
141 354 5
141 373 6
141 747 4
141 914 4
142 222 6
142 504 4
142 544 3
142 678 3
142 861 6
142 961 5
143 212 7
143 343 2
143 651 9
143 705 4
143 713 5
143 771 10
143 990 8
144 148 9
144 257 10
144 270 6
144 394 7
144 478 1
144 536 5
144 815 4
144 962 10
145 194 3
145 406 2
145 623 9
145 863 10
146 183 3
146 344 3
146 408 5
146 440 10
146 444 3
146 499 7
146 748 1
146 751 10
146 895 3
146 983 4
147 193 2
147 317 3
147 433 1
147 489 8
147 492 2
147 604 9
147 793 10
147 909 4
148 184 9
148 357 10
148 378 10
148 475 10
148 715 1
148 719 9
148 799 10
148 800 2
148 876 9
148 923 6
148 965 6
149 272 6
149 470 2
149 600 6
149 679 5
149 709 1
149 846 8
149 954 4
150 200 3
150 264 6
150 663 10
150 875 2
150 942 10
150 963 5
151 259 10
151 474 5
151 625 9
151 681 7
151 950 3
152 258 7
152 285 7
152 316 6
152 506 1
152 561 9
152 740 9
152 884 6
152 910 1
152 932 2
152 945 1
153 279 9
153 404 3
153 425 9
153 449 5
153 510 5
153 658 8
153 857 6
153 877 3
154 413 4
154 763 10
155 174 10
155 520 7
155 650 10
155 720 2
155 879 4
155 938 7
155 950 7
156 179 8
156 352 6
156 410 1
156 419 9
156 478 8
156 695 10
156 699 1
156 708 3
156 722 4
156 916 1
157 288 4
157 363 7
157 524 6
157 561 2
157 630 1
157 701 9
157 850 3
158 201 3
158 214 6
158 224 10
158 247 7
158 283 4
158 346 3
158 383 4
158 482 5
158 586 3
159 214 7
159 328 9
159 335 3
159 343 1
159 665 9
159 715 1
159 736 10
159 753 8
159 817 1
159 910 9
160 554 6
160 941 2
161 448 3
161 528 7
161 595 1
161 710 2
161 822 6
161 857 2
161 932 10
161 938 10
161 945 2
162 299 5
162 305 5
162 346 7
162 390 9
162 633 7
162 787 1
162 905 1
162 971 6
163 230 1
164 228 8
164 235 7
164 272 1
164 737 4
164 749 4
164 801 9
164 992 2
165 332 6
165 400 3
165 581 7
165 613 9
165 779 9
165 882 3
166 304 8
166 314 4
166 331 1
166 394 9
166 493 1
166 494 5
166 544 6
166 621 9
166 687 4
166 822 5
167 332 8
168 316 1
168 337 10
168 363 6
168 538 8
168 661 7
168 695 2
168 757 2
168 769 2
168 909 7
168 968 2
168 969 10
169 194 1
169 272 6
169 292 8
169 312 6
169 431 5
169 620 8
169 635 6
169 646 10
169 702 10
169 733 1
169 742 10
170 285 5
170 350 9
170 612 9
170 634 7
170 743 8
170 985 5
171 244 10
171 354 5
171 574 8
171 673 8
171 790 2
171 854 7
171 879 6
171 967 5
172 717 10
172 806 8
172 860 6
172 896 1
172 901 10
172 965 7
173 322 6
173 520 3
173 606 10
173 726 3
173 743 4
173 799 2
173 945 2
174 261 3
174 267 4
174 342 10
174 760 6
174 794 7
174 864 10
174 918 9
175 196 6
175 201 10
175 269 3
175 338 7
175 435 10
175 517 7
175 587 3
175 698 6
175 862 3
175 907 5
176 183 10
176 198 1
176 218 6
176 319 6
176 399 6
176 424 3
176 519 1
176 684 9
176 893 4
177 252 1
177 315 1
177 451 4
177 560 4
177 682 6
177 725 3
177 921 2
177 931 2
177 948 2
177 990 9
178 606 2
178 609 4
178 707 8
178 775 2
178 784 7
178 958 6
178 982 9
179 358 7
179 485 4
179 527 6
179 575 8
179 891 5
179 920 2
180 579 4
180 602 7
180 787 6
180 850 2
180 924 3
181 242 10
181 253 1
181 324 2
181 328 3
181 603 4
181 651 4
181 753 7
182 479 2
182 570 5
182 581 6
182 624 4
182 629 10
182 870 9
183 200 4
183 362 3
183 431 4
183 679 2
183 685 8
183 727 2
183 775 4
183 838 7
183 851 3
183 923 3
183 974 8
184 213 7
184 382 8
184 435 1
184 628 5
184 666 3
184 697 9
184 724 1
184 908 2
184 975 4
185 222 8
185 252 1
185 292 5
185 302 1
185 330 2
185 425 10
185 427 5
185 490 9
185 641 2
185 815 5
185 886 4
185 937 3
186 618 9
186 688 1
186 852 8
187 217 5
187 227 1
187 345 1
187 506 5
187 613 3
187 699 8
187 750 7
187 833 1
187 865 3
187 898 3
187 969 5
188 388 4
188 430 9
188 473 2
188 522 4
188 530 3
188 807 9
188 918 8
189 350 1
189 539 10
189 924 6
189 944 10
190 220 5
190 345 10
190 447 3
190 567 10
190 776 2
191 322 8
191 556 9
191 669 1
192 369 4
192 407 2
192 417 3
192 478 4
192 578 6
192 592 2
192 601 10
192 654 6
192 685 10
192 823 10
192 858 9
192 905 3
192 971 4
193 365 8
193 384 6
193 497 3
193 556 8
193 710 5
193 817 1
193 913 7
193 969 7
194 331 7
194 334 6
194 478 7
194 525 3
194 628 6
194 639 8
194 716 2
194 736 7
194 785 9
194 799 2
194 944 6
194 966 10
195 362 8
195 372 4
195 373 9
195 751 4
195 951 10
196 514 2
196 515 7
196 528 2
196 534 8
196 560 5
196 568 1
196 595 10
196 680 4
197 490 10
197 600 9
197 642 8
197 672 4
197 971 7
198 254 1
198 565 5
198 625 10
198 672 7
198 793 1
198 832 10
198 869 2
198 951 5
199 398 2
199 458 2
199 567 10
199 595 10
199 710 5
199 742 3
199 850 8
199 877 9
199 957 10
200 386 4
200 479 3
200 504 8
200 547 1
200 686 5
200 750 3
200 775 6
200 840 3
200 983 5
200 987 3
201 290 2
201 374 6
201 439 4
201 769 2
201 782 1
201 802 7
202 220 4
202 324 1
202 426 2
202 441 8
202 545 10
202 671 9
202 717 5
202 820 7
202 846 3
202 913 10
203 235 3
203 300 2
203 327 6
203 368 10
203 605 1
203 630 3
203 646 10
203 659 6
203 676 5
203 847 7
203 910 8
204 240 5
204 285 6
204 371 7
204 465 5
204 519 4
204 985 6
204 998 8
205 309 4
205 505 10
205 520 2
205 595 7
205 667 1
205 728 1
205 859 7
205 951 3
205 976 3
205 983 6
206 392 7
206 451 8
206 508 10
206 550 3
206 556 7
206 587 7
206 597 7
206 632 3
206 726 9
206 776 5
206 839 10
207 230 4
207 269 3
207 423 7
207 642 5
207 742 5
207 768 7
207 850 5
207 903 6
207 982 6
208 312 2
208 469 10
208 727 5
208 893 2
208 988 3
209 252 5
209 270 1
209 570 4
209 608 3
209 613 3
209 632 1
210 498 1
210 626 2
210 660 7
210 824 6
211 426 4
211 862 9
212 337 5
212 380 9
212 510 2
212 614 6
212 688 5
212 769 6
212 796 10
212 817 5
212 972 8
213 293 6
213 579 8
213 728 4
213 925 4
213 967 2
213 982 8
214 427 7
214 572 6
214 597 2
214 602 8
214 628 4
214 757 6
214 872 5
214 889 7
214 903 7
215 222 5
215 229 7
215 412 2
215 414 1
215 439 8
215 483 5
215 508 8
215 545 2
215 602 7
215 666 3
215 921 4
216 235 7
216 267 2
216 583 6
216 944 1
217 709 6
218 244 6
218 407 9
218 598 4
218 750 2
218 830 2
218 842 8
219 287 1
219 433 2
219 607 2
219 647 7
219 736 5
219 885 1
219 913 4
219 951 3
219 997 1
220 310 3
220 466 6
220 485 3
220 685 3
220 739 5
220 806 4
220 867 10
220 987 2
221 236 8
221 392 4
221 410 8
221 489 5
221 523 3
221 579 4
221 632 5
221 698 2
221 721 3
221 874 2
221 999 9
222 387 1
222 397 6
222 475 10
222 515 3
222 532 5
222 600 10
222 632 6
222 647 4
222 871 10
222 921 4
222 971 4
223 437 7
223 486 5
223 799 3
224 548 7
224 567 5
224 701 9
224 826 2
224 989 2
225 259 10
225 288 4
225 401 4
225 477 4
225 504 8
225 549 2
225 585 3
225 646 6
225 653 3
225 670 1
225 686 7
225 693 2
225 766 8
225 779 7
225 867 5
226 269 6
226 437 2
226 640 9
226 715 6
226 895 4
226 897 1
227 475 10
227 492 7
227 650 6
227 655 4
227 700 5
227 758 1
227 759 3
227 795 5
228 312 2
228 334 5
228 456 10
228 524 5
228 732 10
228 813 6
228 897 3
228 910 7
229 273 9
229 282 2
229 479 6
229 489 2
229 726 2
229 733 5
229 800 10
230 308 5
230 336 4
230 340 2
230 484 8
230 487 5
230 646 3
230 709 8
230 981 10
231 265 5
231 343 10
231 358 3
231 575 4
231 657 2
231 767 10
231 903 9
231 929 9
232 355 10
232 441 1
232 547 6
232 672 9
232 763 6
232 805 7
232 833 3
232 872 2
233 375 3
233 390 8
233 650 8
233 752 2
234 357 5
234 426 1
234 441 4
234 457 10
234 529 2
234 562 9
234 633 9
235 373 5
235 744 10
235 751 9
235 757 1
235 983 10
236 341 7
236 365 8
236 663 4
237 438 3
237 469 10
237 530 8
237 551 7
237 571 8
237 708 10
237 819 1
237 824 10
237 959 8
238 329 6
238 506 6
238 675 3
238 794 6
238 914 10
239 427 3
239 651 1
239 804 7
240 337 9
240 374 5
240 375 2
240 398 8
240 445 8
240 565 5
240 568 4
241 256 6
241 453 10
241 500 4
241 723 1
241 924 4
241 945 5
241 961 1
241 967 5
242 243 10
242 308 2
242 386 10
242 397 8
242 518 1
242 522 6
242 526 10
242 527 2
242 578 1
242 599 5
242 802 4
242 884 6
243 477 9
243 778 7
244 448 2
244 724 5
244 774 6
244 805 7
244 885 10
244 897 8
244 906 3
245 584 7
245 871 4
245 931 4
245 974 10
245 978 10
246 312 2
246 518 5
246 657 4
246 802 3
246 825 3
246 827 9
247 436 10
247 447 2
247 453 10
247 514 3
247 541 2
247 676 5
247 732 8
247 780 6
247 902 10
248 313 8
248 448 4
248 607 4
248 748 4
249 465 10
249 468 9
249 695 2
249 716 2
249 792 5
249 803 10
250 292 4
250 314 8
250 388 3
250 401 6
250 420 7
250 589 10
250 602 5
250 609 9
250 730 10
250 743 7
250 907 9
250 935 7
251 412 4
251 530 7
251 720 10
251 807 8
251 987 4
252 297 4
252 486 7
252 721 6
252 774 3
252 792 9
252 934 6
252 968 3
252 981 4
252 998 4
253 372 8
253 444 10
253 452 7
253 491 9
253 542 5
253 670 7
253 680 8
253 682 7
253 741 6
253 983 7
254 490 1
254 566 9
254 634 1
254 638 10
254 728 3
254 834 9
254 942 4
255 570 4
255 602 1
255 603 10
255 657 5
255 860 2
255 900 7
256 434 10
256 891 7
257 377 5
257 454 8
257 527 7
257 530 10
257 543 4
257 733 7
258 288 1
258 366 7
258 430 4
258 729 10
258 764 8
258 890 7
259 406 2
259 483 1
259 545 10
259 629 4
259 680 8
259 700 2
259 711 6
259 882 10
260 350 6
260 377 8
260 382 9
260 413 3
260 517 10
260 765 8
260 915 8
261 312 6
261 342 6
261 390 9
261 397 4
261 410 2
261 474 4
261 649 6
261 741 5
261 751 9
261 807 9
261 849 9
261 911 9
261 987 5
262 286 1
262 484 5
262 501 4
263 368 8
263 504 9
263 614 2
263 628 6
263 658 4
263 742 6
263 942 4
264 450 10
264 555 5
264 622 4
264 937 5
265 293 1
265 530 1
265 715 6
265 931 4
266 407 7
266 425 10
266 550 7
266 796 7
266 884 2
267 736 5
267 892 7
267 964 9
268 278 6
268 713 1
268 776 3
268 963 5
269 325 2
269 546 1
269 690 8
269 706 7
269 726 7
269 770 1
269 901 10
270 533 9
270 656 6
270 685 4
270 743 4
270 757 8
270 774 5
270 818 6
271 369 5
271 443 1
271 511 2
271 689 4
271 701 10
271 769 3
271 792 3
272 300 5
272 527 10
272 575 10
272 733 8
272 758 4
272 785 1
273 289 4
273 355 9
273 616 5
273 775 2
274 286 1
274 345 5
274 377 9
274 494 5
274 533 1
274 556 8
274 619 4
275 328 5
275 448 9
275 530 4
275 686 8
275 885 10
276 311 8
276 320 9
276 365 1
276 410 1
276 660 1
276 670 9
276 798 3
276 835 2
277 283 7
277 290 8
277 427 9
277 428 10
277 490 7
277 590 6
277 594 5
277 678 3
277 774 6
277 806 2
277 867 10
278 540 9
278 549 7
278 727 6
278 816 10
278 817 9
278 835 4
278 906 7
278 908 3
279 312 6
279 361 5
279 389 5
279 444 10
279 504 5
279 674 1
279 730 5
279 783 8
279 802 10
279 810 4
279 954 5
280 499 3
280 537 10
280 894 5
281 410 8
281 581 6
281 629 7
281 653 1
281 781 9
281 859 5
281 997 3
282 311 1
282 340 4
282 478 10
282 479 7
282 518 2
282 527 6
282 668 9
282 727 4
282 776 1
282 938 7
283 334 7
283 361 9
283 447 2
283 536 2
284 480 6
284 519 6
284 641 2
284 667 3
285 427 10
285 450 1
285 454 5
285 647 2
285 840 7
285 865 1
285 896 9
285 943 8
285 962 1
286 336 1
286 355 8
286 387 3
286 482 8
286 534 5
286 650 9
286 954 6
286 974 8
287 433 6
287 583 6
287 886 9
287 981 4
288 347 7
288 368 5
288 388 1
288 510 3
288 513 10
288 686 7
288 693 8
288 731 6
288 752 9
288 753 10
288 911 9
289 343 3
289 811 3
289 847 9
289 885 3
290 401 10
290 425 4
290 501 3
290 527 2
290 637 8
290 665 9
290 798 8
290 919 10
291 374 3
291 435 8
291 600 3
291 602 6
291 655 3
291 671 3
291 697 6
291 708 8
291 736 10
291 751 7
291 897 1
291 966 1
291 980 2
292 312 6
292 345 4
292 389 4
292 403 7
292 746 10
293 524 9
293 551 10
293 560 1
293 699 4
293 824 4
294 340 5
294 342 7
294 433 1
294 470 6
294 677 4
294 835 10
294 962 5
294 968 3
294 974 2
295 411 8
295 480 3
295 593 10
296 352 6
296 406 8
296 431 1
296 492 6
296 713 9
297 722 1
298 319 1
298 499 3
298 517 1
298 557 9
298 633 1
298 732 10
298 735 5
298 828 4
298 982 2
299 421 6
299 463 8
299 693 5
299 912 10
299 975 6
300 337 7
300 408 8
300 490 5
300 691 8
300 715 10
300 977 9
301 370 3
301 380 3
301 471 4
301 488 7
301 517 7
301 518 2
301 675 10
301 829 3
302 425 5
302 539 7
302 572 1
302 612 8
302 749 10
302 864 10
302 871 6
302 907 6
303 359 2
303 451 1
303 776 6
303 869 6
304 502 10
304 648 6
304 725 7
304 777 9
304 882 1
305 361 4
305 376 10
305 397 4
305 538 3
305 791 5
305 829 9
305 897 3
305 921 2
305 938 6
306 391 1
306 492 8
306 510 3
306 517 4
306 526 6
306 668 2
306 721 5
306 821 3
306 839 5
306 873 7
306 908 1
306 927 4
307 340 4
307 379 5
307 425 8
307 595 9
307 668 7
307 723 8
307 732 8
307 779 7
307 819 1
307 895 8
308 432 5
308 542 3
308 771 6
308 789 9
308 899 7
308 922 2
309 438 9
309 480 5
309 546 8
309 666 10
309 698 8
309 714 5
309 895 7
309 911 9
309 993 7
310 318 9
310 367 1
310 416 8
310 440 7
310 447 8
310 568 3
310 585 1
310 607 6
310 651 2
310 693 3
310 890 6
311 375 5
311 551 9
311 576 10
311 679 6
311 789 10
311 804 2
311 936 10
312 343 10
312 436 3
312 441 6
312 492 4
312 520 10
312 628 10
312 647 9
312 813 6
312 908 7
312 924 3
313 319 6
313 441 9
313 546 6
313 704 5
313 711 4
313 738 5
313 882 3
313 924 1
313 936 5
313 947 4
314 348 10
314 360 8
314 530 3
314 546 3
314 737 9
314 785 7
314 809 7
314 884 8
314 968 6
315 574 8
315 681 8
316 343 7
316 409 10
316 487 6
316 492 1
316 526 3
316 627 2
316 633 2
316 735 5
316 754 5
316 883 9
316 976 7
317 351 6
317 468 8
317 539 1
317 600 7
317 637 4
317 684 10
317 931 3
318 424 4
318 471 7
318 477 5
318 494 9
318 509 5
318 514 10
318 912 2
318 979 4
318 996 1
319 455 4
319 457 1
319 729 3
320 361 5
320 728 10
320 875 5
320 955 9
320 958 7
320 959 4
320 968 8
321 349 9
321 417 7
321 594 7
321 624 6
321 643 1
321 702 10
321 730 7
321 765 9
321 808 3
321 855 10
321 867 10
321 959 1
322 398 2
322 465 8
322 508 6
323 337 5
323 681 6
323 818 4
324 390 2
324 403 6
324 484 4
324 558 7
324 585 2
324 658 5
324 683 6
324 889 10
324 896 7
324 904 1
325 400 9
325 661 8
325 867 8
326 329 6
326 384 9
326 966 5
326 968 6
326 972 10
327 390 4
327 673 4
327 932 9
328 387 10
328 426 1
328 882 2
328 968 9
329 354 10
329 373 3
329 387 8
329 450 3
329 508 1
329 600 4
329 638 2
329 639 1
329 649 6
329 731 10
329 907 2
330 377 2
330 428 3
330 575 2
330 685 5
330 724 1
330 726 1
330 734 2
330 786 10
331 389 7
331 400 3
331 454 1
331 515 10
331 633 9
331 744 7
331 788 5
331 817 3
331 885 4
332 757 6
332 913 7
333 407 5
333 551 9
333 746 1
333 968 5
334 690 7
334 700 4
334 785 5
335 482 4
335 718 10
336 418 10
336 448 6
336 450 9
336 592 3
336 661 5
336 685 4
336 807 5
336 844 3
336 916 7
336 948 2
337 517 3
337 754 6
337 881 4
338 436 2
338 539 9
338 578 10
338 598 3
338 773 6
338 813 9
339 377 2
339 408 3
339 471 6
339 536 5
339 681 9
339 808 3
339 997 7
340 372 1
340 494 1
340 508 2
340 527 6
340 746 7
340 907 7
340 919 2
341 350 4
341 390 8
341 467 2
341 485 6
341 513 4
341 536 4
341 763 6
341 812 6
342 499 10
342 822 4
342 967 7
342 997 6
343 398 4
343 453 1
343 497 2
343 568 5
343 836 10
343 865 8
343 907 7
343 952 5
343 970 6
344 456 2
344 634 5
345 486 4
345 631 3
345 639 7
345 764 9
345 862 9
345 955 4
346 372 3
346 530 6
346 551 6
346 602 8
346 656 5
346 717 4
346 730 5
346 766 9
346 891 5
346 911 3
346 973 4
347 436 7
347 463 7
347 844 7
347 956 4
348 420 1
348 753 10
348 883 7
349 367 9
349 491 6
349 605 10
349 631 10
349 902 10
350 365 2
350 597 6
350 816 4
351 591 3
351 623 2
351 777 7
351 912 3
351 960 3
352 433 1
352 540 4
352 558 9
352 735 4
352 782 4
352 891 2
352 904 8
352 979 7
353 467 9
353 628 1
354 361 8
354 587 10
354 700 9
354 927 7
355 401 9
355 442 4
355 597 10
355 706 1
355 732 9
355 891 1
356 535 8
356 618 9
356 754 9
357 431 6
357 457 9
357 483 6
357 520 8
357 743 7
357 797 9
358 736 1
358 747 10
358 977 6
359 386 8
359 417 3
359 418 9
359 515 2
359 521 9
359 585 7
359 616 1
359 690 2
359 847 3
360 371 1
360 901 3
360 998 1
361 511 7
361 600 8
361 657 10
361 665 10
361 690 9
361 920 4
361 958 2
362 717 1
362 738 4
362 945 6
362 952 3
362 955 8
363 384 10
363 394 4
363 454 9
363 587 2
363 639 8
363 906 5
363 962 4
364 590 4
365 369 2
365 590 8
365 714 1
365 754 7
366 657 10
366 723 4
366 785 5
366 834 7
367 446 4
367 592 3
367 643 3
367 822 6
367 834 2
367 884 4
368 495 6
368 573 5
368 592 7
368 593 5
368 597 4
368 623 4
368 667 3
368 727 7
368 941 10
369 435 9
369 471 8
369 694 2
369 757 2
369 821 3
369 861 6
369 877 9
370 462 5
370 496 1
370 780 5
371 627 7
371 681 8
371 753 2
371 884 10
371 897 8
372 567 2
372 728 5
372 737 5
372 748 2
372 884 2
372 953 2
372 997 2
373 479 1
373 515 2
373 537 7
373 638 1
373 732 6
373 770 3
373 919 5
374 502 6
374 669 7
374 674 7
374 739 9
374 751 1
374 906 5
374 920 4
374 938 6
375 468 3
375 474 2
375 798 8
376 389 8
376 417 9
376 867 9
376 934 9
376 952 7
377 425 9
377 444 4
377 511 6
377 696 8
377 942 6
378 502 9
378 542 6
378 552 1
378 732 8
378 790 7
378 961 4
379 498 5
379 549 4
379 605 7
379 764 4
379 911 10
380 444 2
380 447 2
380 593 1
380 653 9
380 747 3
380 907 3
381 625 3
381 678 7
382 461 3
382 743 4
382 792 3
382 916 10
383 387 8
383 433 6
383 531 9
383 615 3
383 634 7
383 671 3
383 818 5
383 899 4
383 989 7
384 430 10
384 740 6
384 763 7
384 801 1
384 856 1
384 948 10
385 791 6
385 871 5
385 973 10
386 426 10
386 511 2
386 578 5
386 651 4
386 666 2
386 719 1
386 756 7
386 811 8
386 849 4
386 896 9
386 902 3
386 923 3
387 426 6
387 508 10
387 721 6
387 825 5
388 389 8
388 574 1
388 689 3
388 698 2
388 706 3
388 723 3
388 978 4
389 426 2
389 465 4
389 556 9
389 576 9
389 660 5
389 670 10
389 803 2
389 887 4
390 463 8
390 519 8
390 577 7
390 813 6
390 842 4
390 891 10
391 484 1
391 929 2
392 403 2
392 616 5
393 570 5
393 571 9
393 606 10
393 620 5
393 860 10
393 912 8
393 951 4
393 959 6
394 398 10
394 486 7
394 691 9
394 748 2
394 755 1
394 837 8
395 432 3
395 937 1
395 987 1
396 674 6
396 683 4
396 715 3
396 785 6
396 793 9
396 856 7
397 510 8
397 849 5
397 891 3
397 983 8
398 821 3
398 870 9
399 667 8
399 761 4
399 824 1
400 603 7
400 683 2
400 765 7
400 846 10
401 502 4
401 670 7
401 736 1
401 751 1
401 815 10
401 893 1
401 941 2
401 959 9
403 461 8
403 550 3
403 566 2
403 616 7
403 627 2
403 697 9
403 746 1
404 494 10
404 682 8
404 891 5
404 970 9
405 463 9
405 808 5
405 969 6
406 796 4
407 530 9
407 546 6
407 836 5
408 807 8
409 493 1
409 669 6
409 713 1
409 785 10
409 855 4
410 437 5
410 470 2
410 483 10
410 532 7
410 612 2
410 614 4
410 647 8
410 707 2
410 800 1
410 823 7
410 850 9
411 468 10
411 502 6
411 592 9
411 802 7
411 909 6
412 544 3
412 601 7
412 637 9
412 824 4
412 903 4
413 470 4
413 477 1
413 490 9
413 504 6
413 510 4
413 854 7
413 934 2
414 730 10
414 793 3
415 753 2
415 976 1
416 613 10
417 927 1
417 928 6
417 947 4
417 985 9
418 647 4
418 676 4
418 985 9
419 676 10
419 924 5
419 926 6
419 946 1
419 959 4
420 525 3
420 643 9
420 645 10
420 670 9
420 681 10
420 851 2
420 927 4
420 997 8
421 646 5
421 720 2
421 782 7
421 815 5
421 850 7
421 919 8
422 483 7
422 523 10
422 666 4
422 766 4
423 453 4
423 457 1
423 462 4
423 566 4
423 639 7
423 838 6
423 915 4
423 960 5
423 978 6
424 552 5
424 566 5
424 711 5
424 918 2
425 531 10
425 919 9
426 578 5
426 633 7
426 653 5
426 836 6
427 710 7
427 791 2
428 446 8
428 571 2
428 708 8
428 747 5
428 860 2
429 459 3
429 461 9
429 498 4
429 593 2
429 643 10
429 663 9
429 666 5
429 690 7
429 755 10
429 761 7
429 771 3
429 818 1
429 977 7
430 490 2
430 841 8
430 870 9
431 436 9
431 454 7
431 618 2
431 807 7
431 845 3
432 466 8
432 468 5
432 477 10
432 542 3
432 600 9
432 601 5
432 627 7
432 648 10
432 663 9
432 707 5
432 750 3
433 509 9
433 558 5
433 659 4
433 782 6
433 836 8
433 896 7
434 445 5
434 459 8
434 690 5
435 521 8
435 530 4
435 677 8
435 734 4
435 764 1
435 775 3
435 827 4
435 833 3
435 866 8
435 992 2
436 489 10
436 518 7
436 543 2
436 871 1
437 821 10
437 903 5
439 560 6
439 733 2
439 791 2
439 847 8
439 906 2
440 463 5
440 478 10
440 688 8
440 696 6
440 761 8
441 461 6
441 621 7
441 717 3
441 847 3
441 849 9
442 579 10
442 592 4
442 818 10
442 874 3
442 924 10
442 939 7
443 455 5
443 710 9
444 485 1
444 676 8
444 749 6
444 832 5
444 942 3
445 690 2
445 819 9
445 850 9
445 888 3
445 892 5
445 972 2
446 507 5
446 690 9
446 885 7
446 990 1
447 500 4
447 604 1
447 719 1
447 739 6
447 768 1
447 900 1
447 941 2
448 749 1
448 980 3
449 474 9
449 676 6
449 824 6
450 503 5
450 538 5
450 556 2
450 580 9
450 589 2
450 692 5
450 698 10
450 812 2
450 988 8
450 999 3
451 491 4
451 547 8
451 579 4
451 834 5
452 471 6
452 604 4
452 670 1
452 808 9
453 518 1
453 565 7
453 567 8
453 575 7
453 665 9
453 666 1
453 924 8
453 983 4
454 575 1
454 787 2
454 932 4
455 819 8
455 915 7
455 960 6
455 979 9
456 726 4
456 750 3
456 847 2
457 519 5
457 590 3
457 787 8
457 886 4
457 955 4
458 529 2
458 562 3
458 594 5
458 731 3
458 752 1
458 835 5
458 845 10
458 863 2
458 950 2
459 471 2
459 508 5
459 569 6
459 787 5
459 892 9
459 916 10
459 936 5
460 593 7
460 599 8
460 664 6
460 752 3
460 938 7
461 470 7
461 490 7
461 652 2
461 792 6
461 806 5
461 939 1
462 785 7
462 888 4
462 905 2
462 979 6
463 524 5
463 747 5
463 762 9
463 784 1
463 822 8
463 914 6
463 927 5
463 965 10
464 513 4
464 687 10
464 720 8
464 726 10
464 892 3
464 934 7
464 939 5
464 941 1
465 507 6
465 635 5
465 668 8
465 696 6
465 789 5
465 930 10
465 958 8
466 595 4
466 631 5
466 724 8
466 832 4
466 897 8
467 565 5
467 621 1
467 677 10
467 688 9
467 697 2
467 919 8
468 477 10
468 680 2
468 681 6
468 726 7
468 778 8
468 856 2
468 857 5
469 864 5
470 680 1
470 731 1
470 833 8
470 860 7
471 536 2
471 639 7
471 747 5
471 881 3
472 506 1
472 728 6
473 565 3
473 668 4
473 847 2
474 746 10
474 937 5
474 944 10
474 970 6
475 517 4
475 554 6
475 971 4
476 545 1
476 742 3
476 837 1
476 847 5
476 928 7
476 974 9
477 511 2
477 740 7
477 771 6
477 847 10
477 865 7
477 961 10
477 984 1
478 479 3
478 684 1
478 712 7
478 845 8
478 992 2
479 617 1
479 663 10
479 731 9
479 878 4
480 599 9
480 637 10
480 692 4
480 982 4
480 986 8
481 620 4
481 627 8
481 793 3
482 505 1
482 559 9
482 578 8
482 603 8
482 616 7
482 857 6
482 887 8
482 981 3
483 557 9
484 621 3
484 652 6
484 665 5
484 682 9
484 689 7
484 855 3
484 890 2
485 581 2
485 597 9
485 639 1
485 859 1
486 511 1
486 655 3
486 714 9
488 501 5
488 669 2
488 678 10
488 684 2
488 727 8
488 733 3
488 961 7
489 861 10
490 600 8
490 702 6
490 752 4
490 943 1
490 952 5
490 998 6
491 502 2
491 616 8
491 677 7
491 685 1
491 740 1
491 741 10
491 759 3
491 807 4
491 962 8
491 989 5
492 550 10
492 594 7
492 798 9
492 937 4
493 586 6
493 590 2
493 610 9
493 673 2
493 690 10
494 519 6
494 555 8
494 581 8
494 615 2
494 978 8
495 763 8
496 522 4
496 782 5
496 865 2
496 922 8
497 932 8
497 940 3
497 966 5
498 517 5
498 563 1
498 578 9
498 672 3
498 806 5
498 820 6
498 823 6
498 910 7
498 993 5
499 673 5
499 681 1
499 751 1
499 753 6
499 832 6
500 707 3
500 716 3
500 729 8
500 798 5
500 813 1
500 918 2
501 558 3
501 618 9
501 637 10
501 715 9
501 768 9
501 881 10
501 959 8
502 515 3
502 626 9
502 634 4
502 678 6
502 705 5
502 722 6
502 723 7
502 730 4
502 822 10
502 896 6
503 550 3
503 647 6
503 731 9
503 798 5
504 633 3
504 681 8
504 698 8
504 727 2
504 930 4
505 566 10
505 633 10
505 766 2
505 826 7
505 877 4
505 954 5
506 544 5
506 746 1
506 774 2
506 776 7
506 885 7
507 563 7
507 674 6
507 733 4
507 737 10
507 879 7
507 886 8
507 930 2
507 946 10
507 963 6
508 706 9
509 736 8
509 976 6
510 623 4
510 650 9
510 668 7
510 669 3
510 681 7
510 963 6
511 588 2
511 651 7
511 733 6
511 847 6
512 620 8
512 695 4
513 561 10
513 584 2
513 593 7
513 715 4
513 748 6
513 868 6
514 530 3
514 546 7
514 669 1
514 721 3
514 764 8
514 886 2
514 902 3
515 636 8
515 693 1
515 815 1
515 913 8
516 569 2
516 583 2
516 705 2
516 798 10
516 843 7
517 552 10
517 584 2
517 732 7
518 536 9
518 551 1
518 584 5
518 836 7
519 524 3
519 566 4
519 571 4
519 583 10
519 663 2
519 729 10
520 583 10
520 611 1
520 669 1
520 694 9
520 847 2
520 864 6
520 915 8
521 875 4
521 950 2
521 971 8
522 551 7
522 574 1
522 674 3
522 710 6
522 869 8
522 900 10
522 947 9
523 613 6
523 673 8
523 700 10
523 740 8
523 766 3
523 814 7
523 925 3
523 949 6
524 631 3
524 706 10
524 748 5
524 821 8
524 898 2
524 919 5
525 621 8
525 763 9
525 840 1
525 893 4
525 907 8
525 909 4
526 632 4
526 695 7
527 573 3
527 627 4
527 704 6
527 740 10
527 754 8
527 999 5
528 577 1
528 695 1
528 733 10
529 540 2
529 735 4
529 813 4
529 919 6
530 572 8
530 691 7
530 866 9
531 554 5
531 581 4
531 604 8
531 668 6
531 888 2
532 602 1
532 695 5
532 737 8
533 593 5
533 810 10
533 813 3
533 980 5
534 685 4
534 757 5
534 817 7
534 886 2
535 632 7
535 740 4
535 999 7
536 607 8
536 626 1
536 656 8
536 663 6
536 740 9
536 832 4
537 725 7
537 821 1
537 841 4
537 879 1
538 724 8
538 871 4
539 722 1
539 766 5
540 634 4
540 739 7
540 749 8
541 583 9
541 607 9
541 748 2
541 822 2
542 594 1
542 685 3
542 776 6
543 592 10
543 804 7
544 591 4
544 592 9
544 602 6
544 611 6
544 635 7
544 859 2
544 968 9
545 639 5
545 671 8
545 698 2
545 871 8
545 900 5
546 649 2
546 674 4
546 684 2
546 778 3
546 806 3
546 844 3
546 871 6
547 584 8
547 757 9
547 975 4
548 561 2
548 726 6
548 836 6
548 869 10
550 560 9
550 601 8
550 921 5
551 687 10
551 770 4
551 992 6
552 669 2
552 713 5
552 804 10
553 560 4
553 826 10
553 841 1
554 655 4
555 570 3
555 635 4
555 658 3
555 695 8
555 709 6
555 721 2
555 791 5
555 828 8
556 637 9
556 728 4
556 733 2
556 760 10
556 766 4
556 802 4
558 592 4
558 616 5
558 647 2
558 814 9
558 896 1
559 729 8
559 838 10
559 854 7
559 924 3
560 841 3
560 879 9
561 845 4
561 890 6
562 566 1
562 612 2
562 782 8
562 958 9
562 978 6
563 654 9
563 697 4
563 707 3
563 727 1
563 827 3
563 887 8
563 893 1
563 917 6
564 718 8
564 780 3
564 871 5
565 822 3
565 833 10
565 891 7
565 896 2
565 918 7
566 568 4
566 722 8
566 726 10
566 741 2
567 603 8
567 617 5
567 636 8
567 657 1
567 698 9
567 721 5
567 919 5
568 868 4
569 582 1
569 742 8
569 808 10
569 862 7
569 874 7
569 906 3
569 968 1
570 583 6
570 663 2
570 818 3
570 820 1
570 865 8
571 577 3
571 992 4
572 820 7
573 596 5
573 616 6
573 651 6
573 732 2
573 783 4
573 805 3
573 831 9
573 857 9
574 826 2
575 856 4
575 955 6
575 956 6
576 611 9
576 646 8
576 866 9
577 581 5
577 716 7
577 717 1
577 729 10
578 606 4
578 676 2
578 775 5
578 894 6
578 930 7
578 985 7
579 587 2
579 783 3
579 915 10
580 685 4
580 773 4
580 950 8
580 957 3
580 962 2
580 977 5
581 600 3
581 720 10
581 794 9
581 801 9
581 811 9
581 868 10
581 937 3
581 960 7
582 817 8
582 942 6
583 589 9
583 697 9
583 745 7
583 822 7
583 963 1
584 748 6
584 776 6
584 832 7
584 932 8
584 958 10
585 706 10
585 711 3
585 892 9
585 912 6
585 991 4
586 728 9
586 924 10
586 949 4
586 973 3
587 642 2
587 890 5
588 593 1
588 686 9
588 837 9
589 657 8
589 770 9
589 834 4
589 876 5
589 976 6
590 625 9
590 797 10
590 819 6
590 862 1
590 882 1
590 995 1
591 666 3
591 799 7
591 943 9
592 645 1
592 779 6
592 886 4
592 961 2
593 939 6
594 814 6
594 878 3
595 610 1
595 682 5
595 707 7
595 751 5
595 860 3
596 688 9
596 720 1
597 678 1
597 685 10
597 686 1
597 843 2
598 713 3
599 602 6
599 912 1
600 832 1
600 854 6
601 924 7
601 936 10
602 674 9
602 740 8
602 817 3
602 840 4
602 878 2
602 984 1
603 670 2
603 752 10
603 782 2
603 846 4
603 890 4
603 991 1
604 890 10
604 920 6
605 720 8
605 815 8
605 929 1
606 791 8
606 982 9
607 757 8
608 624 8
608 628 5
608 665 6
608 741 2
608 753 3
608 763 3
608 817 4
609 622 8
609 647 3
611 938 8
612 646 10
612 750 9
612 754 9
612 972 1
613 712 8
614 650 8
614 690 3
614 777 6
614 885 2
614 956 8
614 961 5
615 621 2
615 815 10
616 658 7
616 776 4
616 888 4
616 936 8
617 683 2
617 744 5
617 913 5
617 959 6
618 659 7
618 705 9
620 700 5
620 834 3
620 877 6
621 648 6
621 725 9
621 792 8
621 888 9
622 725 4
622 739 5
622 881 8
623 743 3
623 936 4
624 673 4
624 844 3
624 909 1
624 932 4
625 767 10
626 715 3
626 726 1
626 886 5
626 907 7
627 684 5
627 869 2
627 884 6
628 723 4
628 725 8
628 781 3
628 852 10
628 864 2
629 663 9
629 866 6
629 955 10
629 972 7
630 689 9
630 711 3
630 732 8
630 937 8
631 696 3
631 849 7
632 747 6
632 818 4
633 699 6
633 758 7
633 772 2
633 808 6
633 916 8
633 921 2
634 723 8
634 835 8
634 972 4
634 973 6
635 676 5
635 704 5
635 824 5
635 872 9
635 946 9
635 977 6
635 982 6
635 998 1
636 942 5
637 887 6
637 893 4
638 826 8
638 865 5
639 748 1
639 845 5
639 846 6
640 642 1
640 681 10
640 781 3
641 715 10
641 926 1
642 836 4
642 844 9
642 887 4
643 732 2
643 748 1
643 832 6
643 833 10
643 840 2
643 855 2
643 856 1
644 719 1
644 893 7
644 916 9
645 812 8
645 832 8
645 912 5
646 687 2
646 796 6
646 844 1
646 901 7
647 777 5
647 915 1
647 928 10
647 987 9
648 745 10
648 759 4
648 831 1
648 849 8
648 938 1
648 962 2
649 759 10
649 799 5
649 866 10
649 883 8
650 656 4
650 750 1
650 838 3
650 939 4
650 951 3
651 654 3
651 681 3
651 704 7
651 709 3
651 879 5
651 939 4
652 857 3
653 829 2
653 837 10
653 839 7
653 993 1
654 710 8
654 801 9
654 859 6
655 785 7
655 926 4
656 695 2
656 722 8
656 783 1
656 822 4
656 836 9
657 669 9
657 745 4
657 780 3
657 883 8
657 911 2
657 956 5
657 976 1
658 690 4
658 725 4
658 742 2
659 685 5
660 842 5
661 769 4
661 839 9
661 882 1
661 908 4
663 716 9
663 769 4
663 986 10
665 704 1
665 966 8
666 771 10
666 773 8
666 984 5
667 729 10
667 798 1
667 869 4
667 898 3
667 916 2
667 917 4
667 963 4
667 987 10
668 698 8
668 822 9
668 922 5
668 954 4
668 976 7
669 865 8
669 972 7
670 759 10
670 806 7
670 818 10
671 799 7
671 853 5
671 855 9
672 674 1
672 898 5
673 814 3
673 822 7
673 926 10
674 709 6
674 921 1
674 946 6
674 992 7
675 710 4
675 761 2
675 834 9
676 692 2
676 754 1
676 865 6
678 935 2
679 764 8
679 805 7
679 899 9
679 910 1
680 768 5
680 953 5
681 719 6
681 867 3
681 929 7
681 946 1
682 803 6
683 940 9
684 692 10
684 772 2
684 815 8
684 914 8
684 953 1
684 981 7
685 850 7
685 967 1
686 723 2
686 751 3
686 764 5
686 779 6
686 952 5
686 967 1
687 725 4
687 753 4
687 955 7
688 805 8
688 861 7
688 998 8
689 991 4
690 699 8
690 978 10
690 992 9
691 734 1
691 806 1
692 743 1
692 759 2
692 771 5
692 795 6
692 896 8
692 923 8
692 963 7
692 975 10
693 818 2
694 898 7
694 908 2
694 910 6
694 946 3
695 717 4
695 798 4
695 873 3
695 975 5
695 998 7
696 766 5
696 908 7
697 735 5
697 810 6
697 848 5
697 850 8
697 887 6
697 956 5
697 959 9
698 723 10
698 933 2
699 842 1
699 861 3
700 713 1
700 749 7
700 774 3
700 779 9
700 823 7
701 715 7
701 835 5
701 873 7
702 894 1
702 981 8
703 843 5
703 886 3
703 992 10
704 723 4
704 791 3
704 846 4
704 892 6
704 906 7
704 912 1
704 973 3
704 994 6
705 749 1
706 736 6
706 798 1
708 802 4
708 819 6
709 713 3
710 826 4
710 909 4
711 752 6
711 797 10
711 829 9
713 731 4
713 776 2
714 958 3
715 720 7
715 753 6
715 824 8
715 856 1
715 920 10
716 733 10
716 868 4
717 749 5
717 769 4
717 798 8
717 804 10
717 847 4
717 855 10
717 928 6
718 719 2
718 823 6
718 877 10
718 888 10
719 818 5
719 969 2
720 726 10
720 796 10
720 817 9
720 832 5
720 860 1
720 867 8
720 879 6
720 976 4
722 739 4
722 756 9
722 762 7
722 855 1
722 868 9
722 912 7
722 952 2
723 811 1
723 835 9
723 849 3
724 854 5
724 951 6
724 973 1
725 919 9
725 946 10
725 967 3
726 752 7
726 961 3
727 850 1
728 777 10
728 846 6
728 906 10
729 795 8
729 798 3
729 849 10
730 926 3
731 877 4
732 794 1
732 881 4
732 883 1
732 937 8
733 751 1
733 825 8
733 977 7
734 774 6
734 777 8
736 739 1
736 791 10
736 805 3
737 931 10
737 950 1
739 902 4
741 778 3
741 804 5
741 897 9
741 949 5
741 986 5
742 825 8
742 835 4
743 787 5
743 879 2
743 904 7
743 908 3
743 971 8
744 796 8
744 853 7
744 894 5
746 796 5
746 853 2
746 882 2
747 792 7
747 955 1
748 752 4
748 785 8
748 873 2
749 828 5
749 851 10
750 771 3
750 780 7
750 783 4
751 766 6
751 871 4
751 973 5
752 813 1
752 959 4
754 894 5
754 902 5
754 949 1
754 956 9
755 913 1
757 776 5
757 977 4
758 799 1
758 912 4
758 970 10
759 881 8
759 953 4
759 961 4
760 911 4
761 832 4
761 908 9
762 782 2
762 991 2
763 841 2
763 956 7
764 972 8
765 853 9
765 862 5
765 911 3
765 981 9
766 804 5
768 785 4
769 815 1
769 976 7
770 928 1
770 958 2
771 831 10
771 865 3
771 877 8
772 908 7
772 925 3
772 944 5
773 826 9
774 982 2
774 985 3
775 789 6
775 799 2
776 849 2
776 879 9
777 864 5
777 941 5
779 789 7
779 824 3
779 837 7
779 905 5
780 862 4
780 941 10
780 945 2
780 970 8
781 794 5
782 910 3
782 961 3
783 789 1
784 984 7
784 994 9
785 821 10
785 867 4
786 835 4
787 926 10
791 821 4
791 917 8
791 965 9
791 993 3
793 883 7
794 879 8
794 946 5
796 824 2
796 972 4
797 902 7
797 911 9
797 983 10
798 803 10
798 871 2
799 895 1
799 901 4
799 937 3
800 843 2
801 855 8
802 844 3
802 908 1
803 911 10
803 963 10
803 967 2
805 813 7
805 913 8
806 958 5
807 858 4
808 860 2
808 884 10
808 997 4
809 823 5
809 883 9
810 864 5
811 813 1
811 987 4
811 995 8
812 917 4
813 889 1
813 971 3
814 990 3
816 942 1
816 964 2
816 978 9
818 859 7
818 895 6
819 942 3
821 882 8
821 896 10
822 960 9
823 865 8
824 945 6
824 996 2
825 826 1
825 931 9
826 998 9
827 846 2
827 970 2
828 879 3
829 961 3
829 962 9
830 929 6
833 938 10
833 979 6
834 842 8
834 939 9
835 853 4
835 926 9
836 876 3
836 924 10
836 939 1
837 925 4
837 926 3
839 926 9
839 994 4
840 876 9
840 964 8
841 995 3
842 914 7
842 918 6
842 951 6
844 974 3
846 887 5
846 994 6
847 860 8
847 893 9
849 859 2
849 929 8
849 989 6
850 946 10
852 877 6
852 943 7
852 975 1
852 985 6
855 934 5
855 963 6
855 969 3
857 885 3
858 986 5
859 879 7
859 894 6
859 934 7
861 869 4
861 953 5
861 955 6
862 963 1
862 987 5
863 877 2
863 890 8
864 878 6
864 912 8
865 901 2
867 934 8
867 943 9
868 902 6
868 954 4
869 973 7
870 887 2
873 944 5
873 971 8
874 951 4
875 918 4
876 951 2
876 968 1
877 886 5
877 921 7
877 940 7
877 945 4
878 893 5
878 975 4
879 960 5
881 972 5
883 978 6
884 905 7
884 920 2
885 904 2
886 954 3
887 893 5
888 975 4
890 949 9
890 992 4
892 896 6
893 985 8
894 934 1
894 937 9
896 926 4
896 982 3
897 928 3
897 937 3
897 946 3
898 923 6
899 971 7
908 964 2
909 924 8
909 927 6
911 953 5
913 998 2
914 952 1
914 968 4
915 978 3
918 960 4
918 983 4
919 984 4
924 954 4
924 962 9
925 977 7
926 944 9
926 946 9
927 962 7
928 939 5
928 966 4
929 930 6
929 948 1
934 993 5
938 940 8
940 951 4
940 980 2
944 977 6
946 964 1
946 981 8
951 991 9
953 978 1
954 983 4
954 992 1
954 998 9
955 960 7
955 981 7
956 978 8
957 971 3
959 962 7
959 981 6
959 989 1
964 969 4
967 968 2
968 975 5
